433.105499 1003.259338
469.500000 1002.500000
505.000000 1003.000000
541.029663 1004.662537
577.548767 1002.847595
612.500000 1003.500000
648.387817 1002.169983
684.125061 1003.932251
719.319641 1002.924561
756.501038 1003.903198
791.739075 1002.435486
828.262756 1002.828552
863.000000 1002.500000
899.911072 1002.371033
934.500000 1002.000000
970.000000 1002.500000
1007.198181 1000.445618
1042.976807 1000.995911
1078.569824 1000.463562
1114.500000 1000.500000
1150.866577 999.871277
1186.834106 998.242615
1222.500000 998.500000
1259.407715 998.526978
1295.989258 998.537720
1332.723755 997.133240
1368.409546 998.743042
1405.470947 995.520447
1442.362427 995.910461
431.418823 1037.795044
467.000000 1038.000000
503.495056 1037.518188
538.500000 1038.500000
574.574951 1037.972778
610.616638 1036.997803
646.232788 1038.954834
683.550964 1038.057129
718.661499 1039.058472
754.225586 1037.429688
789.494568 1037.934448
826.408569 1037.257324
861.319092 1037.996094
898.926331 1037.393921
933.877991 1037.900269
970.500000 1038.000000
1005.000000 1037.000000
1039.695435 1037.114990
1078.000000 1036.000000
1113.492432 1035.514893
1149.856567 1036.708740
1185.000000 1034.500000
1221.477173 1034.537598
1257.500000 1033.000000
1294.358521 1033.475708
1331.000000 1033.000000
1367.514893 1031.977295
1405.588745 1031.020264
1441.510254 1030.551636
429.000000 1073.000000
464.500000 1073.500000
500.500000 1073.000000
536.500000 1073.500000
572.380005 1073.150635
608.186157 1073.188232
644.579285 1072.744019
681.009949 1073.686279
717.057129 1072.346436
751.373169 1073.327515
788.970154 1072.891968
823.222656 1072.865112
858.500000 1072.000000
895.500000 1073.000000
931.570679 1072.684814
967.620972 1072.143066
1004.500000 1073.000000
1041.193481 1071.868164
1075.529297 1072.143433
1112.000000 1071.000000
1149.500000 1071.500000
1186.000000 1069.000000
1222.198486 1069.390259
1257.500000 1069.000000
1292.500000 1067.500000
1329.500000 1069.000000
1367.500000 1068.000000
1404.000000 1066.500000
1439.192627 1067.499512
427.068848 1109.145264
462.500000 1108.000000
498.441193 1108.507690
534.488647 1108.948364
570.500000 1109.000000
606.692749 1108.920288
642.500000 1109.000000
679.688049 1107.947754
714.481628 1108.098511
749.991089 1107.979370
783.593689 1108.439819
821.226501 1109.286499
858.779663 1108.939941
894.397827 1108.298340
929.816467 1108.778931
965.557251 1108.736694
1002.000000 1107.500000
1038.462646 1107.523071
1075.511597 1107.699463
1110.254761 1107.790527
1148.038940 1106.891235
1183.500000 1106.000000
1220.000000 1105.000000
1255.749146 1106.845703
1293.500000 1103.500000
1330.500000 1105.000000
1365.314941 1104.023315
1402.367676 1102.388062
1440.107178 1103.291748
423.887543 1142.817017
459.276154 1143.298096
495.500000 1143.000000
533.170654 1143.796631
568.500000 1143.500000
605.000000 1144.000000
640.500000 1144.000000
677.497742 1144.302734
713.000000 1144.500000
749.727905 1144.601685
783.771973 1144.715088
821.250061 1144.927734
857.000000 1144.000000
893.000000 1143.500000
928.311707 1143.469360
965.721130 1143.711670
1001.952820 1142.133667
1037.159546 1142.505981
1073.000000 1142.000000
1109.000000 1142.500000
1145.000000 1141.000000
1181.983765 1141.439697
1217.755615 1142.247314
1254.177490 1140.010376
1293.538086 1139.925049
1327.771851 1140.199097
1365.500000 1140.000000
1400.923462 1137.460327
1435.188232 1138.242188
422.508759 1178.275146
459.839111 1178.170532
497.276642 1179.335815
532.200989 1178.995239
567.490662 1179.386230
602.934753 1179.493530
639.000000 1179.500000
674.892761 1179.087891
711.860596 1179.797241
745.826416 1179.830933
782.293945 1179.567261
817.750916 1180.023926
854.500000 1179.500000
892.168396 1177.618652
927.779602 1180.128906
962.517944 1179.624146
1000.916504 1178.829468
1035.484985 1178.008911
1072.507690 1179.101807
1109.156616 1176.814209
1144.268311 1177.204956
1181.000000 1177.000000
1216.500000 1177.500000
1253.000000 1175.500000
1290.500000 1176.000000
1326.352051 1176.810547
1363.794556 1175.406128
1401.177368 1174.310913
1438.500000 1173.000000
421.477386 1213.726929
456.500000 1214.500000
492.506134 1214.544922
528.500000 1215.000000
563.989380 1216.090332
601.000000 1215.000000
635.348999 1215.420532
673.158936 1215.463989
709.022949 1215.044067
745.685242 1215.625732
782.000000 1216.000000
817.500000 1215.000000
852.053772 1215.132568
891.044617 1215.236328
925.558960 1214.555420
961.375061 1213.277344
997.000000 1213.500000
1034.755981 1215.890869
1070.493774 1215.594604
1108.080444 1214.211426
1143.444946 1213.064941
1179.447388 1212.961548
1217.500000 1213.500000
1252.979858 1212.045898
1290.600952 1210.448364
1326.000000 1211.500000
1362.124756 1211.729614
1399.521851 1210.792114
1435.500000 1208.500000
418.593262 1249.348755
454.500000 1250.500000
490.500000 1250.000000
526.687866 1250.739258
561.961426 1250.094116
598.500000 1250.000000
636.294739 1251.143311
672.809631 1250.424805
706.939270 1248.991089
743.000000 1250.000000
779.669556 1250.386841
815.909485 1250.778809
851.983276 1249.976807
887.835388 1250.589722
923.370972 1249.631592
960.028748 1251.911011
997.436584 1250.871338
1032.190308 1250.307983
1069.174438 1249.927124
1104.809814 1250.099854
1141.196167 1248.050293
1178.681030 1248.771851
1215.014893 1248.562744
1250.826416 1249.074219
1287.593872 1246.606812
1326.500000 1248.000000
1362.000000 1246.500000
1399.500000 1246.500000
1436.500000 1245.000000
417.594360 1284.823975
451.931488 1285.310669
489.275482 1285.421143
525.487305 1286.293823
560.908264 1286.473633
597.535095 1285.769531
633.000000 1286.500000
669.520081 1286.041748
705.485535 1286.422119
742.000000 1286.000000
777.857117 1286.125977
813.446838 1284.910400
850.221252 1286.171387
887.009521 1286.810791
922.615479 1286.091431
958.614929 1285.699829
995.278687 1285.887695
1034.808594 1285.828613
1068.500000 1286.000000
1105.500000 1284.000000
1140.774414 1284.780884
1177.000244 1284.283569
1214.000000 1284.000000
1250.463501 1284.023804
1287.489746 1283.487915
1323.822998 1283.249023
1360.988159 1282.570557
1397.733887 1282.644043
1433.623169 1282.227295
413.054688 1321.307617
449.725281 1321.182739
486.500000 1321.500000
522.410217 1321.508545
558.551208 1322.006592
595.000000 1322.000000
630.500000 1322.500000
666.313477 1322.445557
703.543640 1322.016602
740.693604 1321.343140
776.278015 1322.143188
813.441406 1321.492188
848.478821 1321.505493
884.000000 1321.500000
922.154358 1322.867798
957.500000 1322.000000
993.656738 1321.960449
1030.454346 1321.483398
1065.218018 1320.711182
1102.000000 1320.000000
1139.520386 1321.048096
1177.000000 1321.000000
1214.000000 1319.500000
1249.628174 1319.490845
1287.000000 1319.000000
1324.000000 1320.000000
1361.000000 1317.500000
1398.000000 1319.000000
1433.491455 1316.561523
412.627045 1356.778442
448.000000 1357.000000
484.805054 1357.184204
522.148560 1357.768311
557.000000 1358.000000
592.500000 1358.000000
630.000000 1358.500000
666.758972 1358.616699
702.000000 1357.500000
738.312012 1357.869873
774.500000 1358.000000
811.500000 1357.500000
846.005249 1358.888550
884.000000 1357.500000
920.011841 1357.997437
956.019653 1357.593384
992.208740 1357.351318
1029.413086 1358.731445
1065.346680 1357.562500
1101.603516 1357.090332
1138.000000 1356.500000
1173.758301 1355.578979
1211.435791 1356.036377
1248.000000 1356.500000
1284.500000 1355.000000
1320.725464 1354.572632
1358.133057 1355.971924
1396.500000 1354.500000
1433.301880 1354.287842
409.799103 1392.374634
445.500000 1393.000000
482.000000 1393.000000
518.471985 1393.458008
555.500000 1393.000000
592.224304 1392.706543
626.997925 1393.936035
664.000000 1394.000000
699.500000 1394.000000
736.434509 1393.976685
773.863281 1394.418213
809.000000 1393.500000
844.500000 1394.000000
882.766418 1393.181274
918.000000 1394.000000
955.501099 1392.768311
989.956482 1392.944458
1027.500000 1393.500000
1064.077637 1393.572998
1100.803955 1393.266113
1137.225830 1392.614258
1172.799438 1393.686768
1210.408936 1391.739136
1248.763794 1391.354614
1284.500000 1391.500000
1321.000000 1391.500000
1358.505249 1391.068359
1394.500000 1390.000000
1431.591187 1389.605347
407.000000 1429.000000
444.738617 1429.594849
479.782745 1428.755615
516.590271 1428.986694
553.000000 1429.500000
590.358887 1430.094360
625.500000 1429.500000
661.500000 1430.000000
698.000000 1429.500000
734.083008 1430.003662
770.456848 1430.202026
806.378418 1429.169556
843.578064 1429.495483
880.101562 1430.143555
917.481140 1429.024780
953.016052 1429.691772
989.428528 1429.539429
1026.839233 1431.043213
1062.443726 1429.571777
1099.987549 1429.768066
1135.419067 1431.169800
1171.350830 1427.824219
1210.577881 1427.293945
1247.000000 1428.000000
1283.366211 1427.793579
1320.500000 1427.000000
1357.445801 1427.506714
1395.581421 1428.041504
1430.848999 1428.386841
405.379333 1464.651001
441.500000 1465.000000
478.000000 1465.000000
514.430481 1465.557129
551.496826 1466.682373
588.118469 1464.495972
624.464844 1466.408813
659.158508 1466.697388
696.000000 1466.000000
733.474365 1465.457886
770.026917 1466.689819
805.689331 1466.200317
843.000000 1465.000000
877.736755 1467.043091
916.000000 1465.000000
951.500000 1465.500000
988.920288 1466.659302
1024.391602 1465.662231
1062.213623 1466.290649
1098.727783 1464.134644
1134.641724 1465.300537
1172.500000 1466.000000
1210.388550 1465.443481
1244.214844 1465.798218
1281.915527 1464.467529
1319.327271 1464.242554
1356.500000 1463.500000
1393.625488 1463.136475
1430.971558 1463.479614
402.500000 1501.000000
439.000000 1501.000000
475.500000 1501.000000
513.140320 1502.113892
548.420776 1501.504272
585.489807 1501.667603
620.492920 1502.582275
657.000000 1502.500000
694.329834 1501.637573
731.337402 1504.096558
767.541260 1501.989502
803.588135 1501.702637
840.000000 1501.500000
877.615295 1503.340820
912.634277 1503.256348
949.320435 1501.383179
986.457336 1502.065063
1024.000000 1501.000000
1059.879395 1501.896973
1095.244019 1501.099487
1132.702637 1502.691284
1170.392090 1501.758911
1205.303223 1501.779297
1245.000000 1500.000000
1282.071899 1499.733154
1318.500000 1500.500000
1357.000000 1501.500000
1391.322144 1499.414917
1429.500000 1499.000000
400.901093 1537.823120
436.783173 1537.310059
473.613342 1537.783569
511.169769 1536.908203
546.014832 1538.085327
583.000000 1537.500000
619.401733 1538.149902
655.418884 1539.502808
692.648804 1537.837280
730.007202 1537.605713
767.000000 1537.000000
803.231445 1537.561768
839.626099 1539.171265
875.566895 1538.527954
912.000000 1538.500000
949.304138 1537.454224
985.110962 1538.276855
1021.098938 1538.993896
1059.068848 1539.782715
1095.255981 1538.465942
1131.317871 1536.819336
1170.500000 1539.000000
1207.000000 1537.000000
1243.036133 1537.447021
1279.025635 1536.315186
1317.430054 1537.030640
1355.500000 1536.500000
1393.000000 1537.500000
1431.000000 1535.500000
398.000000 1573.500000
435.000000 1573.500000
472.432983 1572.830688
507.481781 1573.925171
544.492859 1573.916504
581.712524 1575.339966
617.658142 1574.581177
655.595703 1574.972778
690.493530 1574.405884
727.306641 1574.770020
763.768188 1574.869995
801.139282 1575.620117
838.043518 1573.687256
874.730103 1575.877808
910.500000 1575.000000
948.169983 1575.437866
984.735107 1574.072754
1020.274353 1574.495117
1057.166748 1574.572998
1094.397827 1574.773071
1130.974365 1574.466064
1167.779297 1574.682861
1204.948730 1574.496338
1242.011841 1574.559570
1279.099609 1574.317017
1315.051270 1573.290649
1354.000000 1574.000000
1390.051514 1572.908691
1429.000000 1574.000000
395.000000 1610.000000
432.196014 1610.037231
468.500000 1610.500000
506.697418 1609.493774
542.500000 1610.500000
579.983032 1609.834839
615.823792 1610.761230
653.087524 1610.192383
688.477173 1610.945679
725.500000 1611.000000
762.437866 1611.232910
799.873535 1610.466309
836.262695 1612.125122
871.684753 1611.314453
908.155090 1610.386719
945.239746 1611.288208
983.159607 1612.307129
1018.804138 1611.471191
1055.654541 1611.171875
1092.790039 1611.326294
1129.629272 1611.193726
1166.648804 1611.239014
1201.901123 1610.513062
1241.069092 1611.040649
1278.000000 1611.000000
1315.000000 1610.500000
1351.423584 1609.874146
1389.278198 1611.579712
1428.470093 1610.729004
393.367310 1645.123779
431.127808 1647.243286
467.538025 1645.556396
503.500000 1646.500000
540.000000 1647.000000
576.000000 1647.500000
614.578430 1646.317383
651.266968 1648.647339
686.768677 1647.252441
723.327881 1647.075562
761.445190 1646.790771
796.794189 1647.525635
834.619080 1647.050049
870.235901 1647.746582
908.212097 1647.247314
944.685669 1649.045654
981.054016 1647.688477
1018.438843 1648.989868
1054.452637 1648.039185
1091.472412 1648.028809
1128.481323 1647.930420
1164.001587 1647.338379
1203.670532 1646.545654
1238.542847 1647.246216
1277.281128 1647.684204
1314.498047 1647.806274
1352.189819 1647.515625
1389.500000 1648.000000
1427.441406 1647.353516
391.303802 1682.405884
427.500000 1682.500000
465.000000 1683.000000
501.000000 1684.000000
537.762939 1683.875488
575.641418 1682.616333
611.267517 1683.831177
647.979248 1684.044678
684.500000 1684.500000
721.602478 1684.476685
758.931396 1685.537354
795.879578 1682.465942
831.756042 1684.257568
869.660156 1683.611694
905.392944 1684.695923
942.325378 1684.678589
980.526001 1685.494873
1017.323853 1683.995728
1053.111938 1684.871094
1090.970703 1683.891357
1128.530151 1685.747437
1164.350952 1684.953857
1201.482300 1684.835083
1237.765137 1685.836060
1277.174805 1685.612183
1312.157837 1685.629517
1349.817749 1683.852783
1388.500000 1684.000000
1426.500000 1685.000000
388.000000 1720.000000
425.500000 1719.500000
461.948486 1720.320435
499.872284 1720.509888
536.487244 1719.340210
572.455383 1720.350098
609.000000 1720.500000
646.885193 1721.644287
683.836365 1720.440186
720.457458 1722.255249
757.588440 1720.312866
793.347595 1721.290649
830.014099 1721.493774
867.911499 1722.563965
903.702637 1721.620483
941.020447 1721.562622
977.758667 1721.702271
1013.990662 1720.674072
1051.846436 1721.854614
1090.000000 1721.000000
1125.859985 1721.992798
1162.061523 1720.958618
1200.444702 1722.054199
1239.000000 1721.000000
1276.000000 1723.000000
1314.000000 1721.000000
1351.000000 1723.000000
1388.415771 1722.438721
1426.500000 1723.000000
