1547.478149 570.870483
1574.553467 572.757996
1602.044189 572.933777
1629.418945 573.278625
1657.386841 573.371826
1684.467163 575.168274
1711.051147 574.921997
1738.289185 575.583191
1765.737183 576.422791
1792.816040 577.742554
1819.750732 576.686646
1845.927124 577.577881
1873.555298 577.693726
1899.987915 578.388000
1926.769653 578.617310
1953.732666 578.707031
1979.655518 579.921997
2006.180054 580.568176
2033.314697 580.036316
2060.838379 579.942871
2087.196289 580.768494
2112.826904 581.226746
2140.286865 580.882507
2167.507080 581.307495
2192.794678 580.688110
2219.903809 581.505432
2245.950928 581.852722
2272.939697 581.720825
2299.896484 580.641907
1547.458496 598.133850
1574.878174 598.998596
1602.373047 599.631531
1629.555054 601.236877
1657.321167 601.221375
1684.055176 601.389282
1711.944092 602.174622
1737.911987 602.010620
1765.154663 602.700500
1794.203735 603.343567
1819.825562 603.325500
1846.493530 604.520264
1873.665894 605.024048
1900.405029 604.193542
1927.086182 606.262573
1953.624390 606.268982
1979.843750 606.135681
2007.836670 606.117920
2034.076294 607.413208
2059.755371 606.624451
2086.038086 608.163635
2114.019287 607.417053
2140.220459 607.648254
2166.250977 607.318542
2194.110352 607.310364
2220.245117 606.975647
2247.160645 608.651306
2273.519775 608.656067
2300.281738 608.838074
1547.511108 625.494019
1575.251099 625.951538
1602.355347 626.953857
1630.300903 627.664185
1656.434082 628.076416
1684.793579 629.049622
1711.657593 628.763123
1739.114990 629.642944
1764.979126 630.278076
1792.803223 630.186462
1819.399292 630.203979
1847.238037 631.914917
1873.266602 631.743286
1899.782104 631.801819
1927.478271 631.231873
1953.291504 632.359863
1980.123291 632.520813
2006.773682 633.132202
2033.827393 633.437256
2060.134766 633.513550
2087.185791 633.948059
2113.870361 633.653625
2140.118896 633.708252
2166.707031 634.401855
2192.472168 633.513184
2218.703613 635.458008
2246.193848 634.402100
2272.422607 635.244080
2299.208740 634.923157
1548.589111 652.825745
1575.442627 653.325867
1602.067993 653.713135
1629.195801 653.287720
1657.748657 655.212830
1684.185913 655.252197
1711.485596 655.705688
1739.623657 656.886108
1766.416626 656.886963
1793.267456 656.772888
1820.596313 656.348328
1846.622192 658.238464
1873.330566 658.058838
1900.200317 658.807556
1926.615356 658.932983
1953.712646 659.442627
1980.652588 659.018616
2005.433716 659.769470
2033.162354 659.520508
2060.162598 659.987854
2086.851318 660.464783
2113.431396 660.507080
2140.579346 661.609863
2165.569092 660.888550
2193.865234 661.382629
2220.032715 660.800964
2247.079346 660.497681
2272.461670 661.339355
2299.545898 662.425903
1547.695068 679.744263
1575.352417 680.165771
1602.948120 680.306274
1629.986694 681.118164
1656.913940 681.534119
1685.373291 682.327454
1711.348999 682.431519
1738.150269 682.302307
1766.105713 682.636536
1791.648926 683.303772
1820.401245 683.697693
1846.399902 684.684998
1873.840454 684.279724
1899.905396 684.625183
1925.707031 685.469543
1953.592041 685.490601
1980.115845 685.811157
2007.161987 686.342346
2034.293823 686.118408
2059.871094 685.802673
2087.381104 686.465698
2113.132568 686.224609
2139.954102 688.453674
2166.996094 687.934326
2193.348145 686.373352
2220.562256 687.194580
2246.650879 687.694763
2272.362061 687.622498
2298.964355 686.929565
1548.141357 706.437744
1575.412842 706.860229
1602.781006 707.174011
1630.445923 707.184448
1657.923340 708.885498
1684.668213 708.730225
1712.223022 709.524414
1738.780396 709.605591
1765.821045 709.879456
1792.787109 710.373474
1820.265869 711.057556
1846.744629 710.995483
1872.719482 711.080261
1900.515259 711.082153
1927.880127 712.400146
1953.679932 711.980774
1980.744751 713.123108
2007.101685 712.548828
2033.643677 712.994873
2060.551514 711.769165
2086.764404 713.146729
2113.250732 713.570801
2139.917480 714.074097
2167.014160 713.119629
2192.691162 713.158264
2219.261963 713.160034
2246.171875 713.972717
2273.081787 714.785339
2298.996582 714.121155
1548.049683 733.095642
1575.470093 733.403076
1602.811279 733.997009
1630.435425 734.395813
1656.543457 734.162720
1683.983276 735.082886
1711.835571 735.928589
1739.493774 736.322021
1766.131348 736.837952
1792.599243 736.629578
1819.970581 737.020752
1847.319092 738.073181
1873.791626 738.203857
1900.492676 738.825562
1927.033203 737.785461
1953.645264 739.479675
1980.700928 738.649902
2007.179810 739.523743
2033.710815 739.231689
2059.900146 739.971191
2086.986572 739.616760
2112.264893 739.518005
2140.026123 739.956482
2167.251709 740.676147
2192.850098 740.063843
2220.257568 740.388550
2245.679688 741.965027
2272.566162 740.012146
2299.701172 740.092041
1548.332031 759.755005
1576.187744 759.277283
1603.168945 761.073730
1630.689453 760.749451
1657.934570 762.313660
1685.549194 761.515564
1711.889648 762.282654
1739.075562 762.638184
1766.203857 763.187683
1793.400757 763.606384
1820.263672 764.725098
1846.756592 764.017151
1872.746826 764.945007
1900.782471 764.589172
1927.057251 765.188782
1954.010376 765.512329
1980.636230 765.467773
2007.208008 765.389832
2033.509399 765.841187
2060.437012 765.973694
2086.743408 766.235535
2113.361572 766.235962
2139.618652 766.449768
2167.355957 766.278320
2193.540283 767.437683
2218.827393 765.943420
2245.269531 767.126465
2272.968506 766.128052
2299.119385 768.055969
1548.920532 786.053833
1575.639893 787.151306
1603.172119 787.818176
1630.580078 788.078125
1658.023315 788.211182
1684.955566 788.856689
1712.048828 789.241638
1739.135254 789.354736
1765.996704 789.864990
1792.317993 789.853210
1819.851196 790.424438
1846.588745 790.598694
1873.418335 791.015381
1900.242065 791.245728
1927.027954 791.551270
1954.212769 792.225525
1979.741455 792.364319
2007.352417 792.559631
2033.789307 792.306641
2060.379883 792.256897
2087.031738 792.794983
2113.493896 792.808411
2139.941162 792.887878
2166.368896 792.961731
2193.502930 793.026794
2219.521973 794.197937
2245.409912 792.843567
2272.391846 792.973816
2299.051270 793.362000
1548.981689 814.141296
1576.524902 813.392517
1603.864624 814.864563
1630.680298 814.598572
1657.907349 815.104736
1685.123779 815.361816
1712.350708 815.724915
1738.865234 816.585083
1765.745605 815.635864
1792.815674 816.874268
1819.930054 816.753113
1846.419922 817.782410
1874.027100 818.206848
1900.354370 817.685486
1927.216187 817.531982
1953.594482 818.489929
1980.786987 818.929871
2007.579102 818.412842
2033.003906 818.320251
2060.492188 818.430542
2087.188232 819.703003
2113.105469 819.139648
2139.807861 819.394897
2166.185303 819.368225
2192.704834 818.177551
2218.885986 819.753906
2246.359619 820.224426
2271.683105 819.586243
2299.278809 819.939514
1548.855347 840.390564
1576.114014 840.602356
1604.305176 840.469360
1631.282227 841.695007
1658.503418 840.945251
1685.042358 841.849609
1712.747192 841.646729
1739.397217 842.521973
1767.415283 842.697205
1792.863159 842.621094
1819.634155 843.820801
1846.945557 843.644226
1873.621582 844.218994
1899.963135 843.651001
1927.120850 844.231628
1953.749878 844.667358
1980.245605 844.871033
2007.146973 844.835266
2034.051147 844.606201
2060.416992 845.085571
2086.962158 845.266846
2112.932617 844.920044
2139.706787 845.554077
2165.772705 844.920166
2192.489990 845.353027
2218.463867 846.168823
2245.543213 845.533997
2272.979492 846.075806
2298.753906 846.049194
1548.629639 866.844604
1576.126709 867.444153
1603.576294 867.800415
1631.050415 867.881897
1657.521362 867.419739
1685.760254 867.900085
1713.253174 867.950806
1739.418945 869.058411
1765.908325 868.964661
1793.245728 869.640503
1820.123779 870.012817
1847.615845 869.984924
1873.708252 870.363342
1900.317383 870.838318
1927.503052 871.439148
1953.907959 871.199219
1981.520142 871.545410
2006.607422 871.629578
2033.580811 871.662109
2060.285645 871.471863
2086.583984 871.969604
2113.703125 871.684998
2140.736572 872.208984
2166.038086 871.946533
2192.653076 871.931396
2219.325928 871.611145
2246.100586 871.362793
2271.228271 872.517090
2298.243164 872.063110
1549.221313 892.614990
1576.385376 894.241211
1603.724243 894.184570
1630.457153 894.043091
1658.822266 894.355530
1686.051025 895.676758
1712.863159 894.981506
1738.761597 895.421814
1767.115234 895.550171
1792.470581 895.937500
1820.307373 896.661682
1846.994141 896.525330
1874.126831 896.410339
1900.487549 897.133606
1927.644287 896.696045
1953.070923 897.023071
1980.291870 897.518066
2007.163330 897.928406
2033.353760 898.495300
2059.866943 897.029419
2086.617676 898.286499
2113.971680 897.450623
2139.616455 897.830322
2165.477051 898.082642
2193.181152 898.425659
2220.264648 897.414307
2245.432129 898.235901
2272.870850 897.583313
2298.104248 898.755432
1549.120239 920.374573
1577.335938 920.307373
1604.056641 921.036987
1630.928101 921.397339
1658.150879 921.259705
1685.423218 921.744507
1713.113892 922.329712
1739.443970 922.154236
1766.235962 922.400757
1793.122314 922.939514
1820.244141 923.033142
1847.565308 922.593079
1873.439331 922.890442
1900.562378 923.550049
1927.295288 923.888367
1953.902344 923.788025
1981.188599 924.324524
2007.428833 923.751648
2032.907349 923.506287
2060.519287 923.338562
2086.882812 924.854187
2112.507324 924.469299
2139.705566 924.359924
2166.683105 924.035217
2192.648193 924.128296
2219.135742 924.376465
2244.765869 925.026794
2271.489746 924.737061
2298.451416 924.478699
1549.580078 946.596436
1576.991089 947.777954
1603.989380 947.626770
1631.863770 948.381653
1659.058838 947.701477
1684.598267 949.289307
1712.107056 949.051392
1739.554810 948.513855
1767.148682 948.418884
1793.175171 949.186646
1820.669556 948.910339
1846.922974 949.384033
1873.698364 949.439392
1900.610474 949.793030
1927.307251 949.965698
1953.082642 949.562012
1980.285645 950.324890
2007.066650 950.268738
2033.542358 950.482483
2059.918701 950.387085
2086.620850 950.362732
2113.551025 951.066650
2139.478027 950.733521
2165.891602 950.631775
2192.454590 950.755005
2219.029541 950.556030
2246.011475 950.036804
2271.683838 949.912659
2297.524414 950.933228
1549.135132 973.659302
1576.518677 974.076477
1603.884277 974.234314
1630.402710 973.584961
1657.880981 974.114929
1685.532593 974.806396
1712.168335 974.288147
1739.692627 975.244202
1766.500244 975.344788
1793.454346 975.466492
1820.399658 975.931580
1847.496582 975.642334
1873.273315 975.538696
1899.595703 976.689148
1926.837158 975.863708
1953.492798 976.952637
1980.529541 976.579834
2006.991943 976.577759
2034.212769 977.140198
2060.627441 977.023743
2085.997070 976.266724
2114.035889 977.548157
2140.272705 976.198669
2166.413574 977.005676
2192.801758 977.867126
2219.151367 976.818604
2247.062744 976.953430
2271.213135 975.920349
2298.760742 977.454590
1549.451538 1000.223389
1576.647583 1000.362427
1603.855469 1000.910889
1631.728638 1001.250977
1658.547241 1001.106812
1685.515747 1001.317383
1712.690308 1001.336426
1739.630249 1001.600525
1766.583496 1001.932129
1794.199829 1002.451599
1820.396484 1002.228882
1846.600098 1001.762207
1874.190430 1001.234131
1900.804077 1002.679932
1927.656494 1001.752502
1953.234863 1002.291992
1980.709351 1002.632507
2007.050781 1002.985107
2033.578857 1002.871704
2060.099854 1003.150696
2086.534180 1002.938660
2112.735352 1003.049133
2138.916016 1003.845337
2166.739746 1003.424927
2192.396484 1002.953918
2219.291504 1002.644165
2245.440186 1003.133240
2271.802734 1002.896545
2298.285156 1003.088135
1549.771362 1027.423218
1576.816772 1027.105591
1604.202759 1027.386108
1631.355591 1027.505493
1658.585449 1027.646973
1686.252441 1027.349243
1712.809937 1028.051514
1739.639526 1028.080933
1766.715820 1028.377075
1794.139526 1028.006104
1820.378052 1028.601807
1847.211060 1028.517944
1873.729980 1028.598511
1900.558350 1028.767212
1927.360474 1029.084839
1954.305542 1028.487793
1979.655029 1028.607910
2007.197754 1028.875854
2033.491089 1029.166016
2060.210693 1029.267334
2086.794922 1029.629395
2112.825684 1029.201416
2140.029541 1029.768921
2165.666016 1029.826904
2193.200439 1029.523438
2218.666260 1029.252319
2245.285645 1029.213135
2271.624268 1028.931519
2298.077148 1029.375732
1549.138428 1053.606201
1577.312744 1054.245239
1603.925293 1053.965332
1631.117432 1053.968750
1659.104370 1053.694336
1685.889893 1054.292480
1713.446899 1053.979980
1739.873291 1054.635864
1766.849731 1054.458984
1793.026123 1054.297119
1820.452637 1054.851807
1846.998535 1054.759888
1874.028198 1055.026245
1900.094971 1054.512451
1927.772583 1054.374512
1954.261841 1055.740967
1980.533325 1055.252563
2006.923462 1055.197266
2034.528564 1056.299561
2060.113281 1055.308838
2086.886230 1054.775757
2113.103760 1055.614380
2140.146240 1054.886475
2165.949219 1055.340942
2192.654785 1055.500122
2219.533691 1054.778931
2246.248779 1056.288086
2272.016113 1055.893921
2298.462891 1055.046509
1548.792480 1079.647827
1576.258789 1080.781006
1604.086914 1080.325684
1631.985352 1079.944336
1658.529785 1080.668823
1685.732910 1080.789429
1712.549683 1080.502197
1739.772461 1081.102661
1766.745850 1081.109375
1793.748291 1081.003906
1820.151001 1080.878174
1847.712769 1080.605713
1873.841797 1081.396118
1900.596069 1081.420044
1927.317383 1081.575562
1953.918213 1081.377441
1980.568481 1081.536133
2006.986572 1081.674927
2033.567627 1081.414062
2059.907959 1081.672729
2086.496582 1081.465698
2113.145264 1081.586914
2139.867432 1082.431030
2165.888428 1081.125732
2192.361572 1081.372070
2218.944580 1081.398804
2244.520752 1082.253662
2271.593262 1081.167358
2297.599121 1080.922607
1550.005249 1107.647461
1576.974121 1106.962891
1604.009033 1107.104858
1631.281250 1106.882568
1658.411743 1107.311035
1685.673584 1107.101318
1713.543213 1106.708740
1739.739258 1107.284790
1766.735718 1107.447510
1794.172119 1107.977173
1820.413696 1107.617798
1847.169678 1107.453979
1873.826538 1107.581299
1900.142212 1107.173340
1927.132568 1107.705444
1953.986206 1107.781494
1980.382446 1107.849731
2007.073730 1107.757080
2032.805908 1108.150024
2059.689941 1107.054077
2086.594482 1107.603638
2113.618896 1108.175293
2139.832275 1107.113525
2165.761719 1107.108765
2191.243896 1107.951416
2218.696533 1107.651611
2244.649658 1108.086304
2271.896484 1107.610718
2297.329346 1107.817505
