463.000000 382.000000
496.192780 383.303040
530.000000 382.500000
565.034302 384.491852
600.010315 383.406921
633.000000 385.000000
667.500000 386.000000
701.021240 386.474945
736.231201 386.903290
769.500000 386.500000
804.500000 388.500000
838.000000 387.000000
870.605591 390.192444
905.209778 388.934692
939.085938 388.806458
974.500000 387.500000
1008.500000 390.500000
1040.954956 388.973694
1073.621948 390.435486
1108.542236 389.126434
1143.500000 390.500000
1177.101807 389.275177
1211.164185 390.375031
1245.000000 390.500000
1279.521118 390.141144
1313.546875 390.485352
1348.477905 390.285797
1382.500000 389.500000
1415.549683 389.944336
460.000000 414.500000
494.705841 415.406403
529.547119 416.031555
562.000000 415.000000
597.565552 416.538300
631.500000 417.500000
664.413757 418.013123
699.163086 417.767792
733.058777 418.494873
767.500000 419.000000
800.000000 420.500000
836.157959 418.194366
869.797424 419.926788
904.727600 419.111450
937.177490 420.319489
971.252502 420.923462
1006.216248 421.759979
1040.000000 421.500000
1073.520020 421.499573
1106.500000 420.500000
1142.000000 422.000000
1175.995605 421.692139
1210.563965 422.395447
1244.562256 422.515839
1278.562866 421.245728
1313.000000 422.500000
1347.712036 422.823700
1382.512207 421.365936
1415.356934 422.596649
457.426605 446.933472
493.500000 446.000000
527.828735 446.619690
561.110657 447.453308
596.140930 447.678802
629.023987 450.534149
663.500000 449.500000
698.000000 449.000000
732.646851 449.247528
765.482117 451.494904
799.571533 450.766388
834.000000 451.000000
868.142761 451.995178
902.072998 451.982605
936.803528 451.467529
969.790710 452.996094
1003.371155 453.993591
1039.890015 453.791260
1073.500000 454.000000
1106.527466 453.679626
1139.500000 453.000000
1175.637817 454.858032
1209.164673 454.391876
1243.000000 455.000000
1279.223389 453.543365
1312.000000 454.500000
1346.773193 454.415649
1381.001099 454.836700
1414.964233 453.870148
454.500000 479.000000
489.500000 478.500000
522.908813 479.979553
559.000000 480.500000
593.362732 480.062378
626.931335 480.945953
661.498535 481.072418
694.127380 482.317474
728.882507 481.956482
764.866638 482.565735
798.000000 483.000000
833.479309 483.064240
867.000000 483.500000
900.783875 483.265503
934.230347 485.462067
968.691101 484.648560
1002.853821 484.656036
1036.796265 485.495148
1070.000000 487.000000
1105.000000 485.500000
1139.866699 486.303894
1173.879639 486.402496
1208.623657 486.104523
1242.620605 486.677826
1276.292114 486.151642
1311.000000 486.500000
1346.430908 487.407288
1380.008423 486.547638
1414.538818 486.967590
454.000000 511.500000
489.640533 511.143524
521.769714 511.614838
555.542114 512.005920
591.294922 511.384338
625.350830 512.677612
659.958435 512.438965
693.516235 514.046692
727.782349 514.697693
762.753052 516.044678
795.500000 515.000000
829.733093 515.539246
864.206543 516.500977
899.017456 517.030212
934.120911 516.298950
967.024109 517.037170
1001.448853 517.458435
1035.916992 517.550110
1069.933472 518.013611
1105.413818 518.632080
1138.436279 518.557861
1173.000000 518.500000
1208.076050 517.412537
1241.727783 520.808716
1275.839844 518.660034
1310.503052 518.483948
1345.289795 519.052307
1379.519409 519.062134
1414.206543 518.943909
451.393646 543.416748
484.721558 543.184265
519.309875 546.093994
554.633667 543.639587
587.942139 543.540344
622.000000 545.000000
657.732666 546.236572
690.500000 545.500000
726.123108 547.683167
760.907715 546.275818
794.500000 548.000000
828.642334 548.189819
863.415466 549.673767
896.000000 548.000000
931.464355 549.076660
965.729126 549.718567
1000.019714 549.515015
1034.500000 550.000000
1068.774414 552.409546
1102.921387 550.538391
1137.169922 550.496582
1171.828369 550.725342
1205.940674 550.919861
1240.678833 551.263000
1275.000000 551.000000
1310.034302 549.943054
1344.642944 551.398926
1378.809204 551.358337
1413.765869 552.654602
447.500000 575.000000
481.665070 575.484253
516.709778 576.148132
550.911621 577.009766
585.589722 577.716675
621.080811 578.372803
654.500000 578.500000
689.234253 579.542236
723.484314 579.699646
758.789429 580.387024
792.445251 580.441406
827.406006 581.149902
862.520142 580.162659
895.500000 581.500000
929.618408 581.714355
964.174805 582.425476
997.831909 583.354614
1033.822876 583.210571
1066.633911 583.804932
1102.232666 583.559143
1136.280640 583.485901
1171.143677 584.654663
1205.151245 583.586670
1240.000000 583.500000
1273.890625 585.430725
1309.201050 583.923706
1344.614014 582.872253
1378.824829 585.088562
1413.202515 584.293640
446.000000 607.000000
481.748596 607.948242
516.085815 609.239746
549.150330 609.612854
583.734070 609.786255
618.806824 609.573608
652.518982 611.052551
686.500000 611.500000
721.580627 611.988647
755.095886 612.957336
790.500000 613.000000
824.758362 613.323120
860.509521 614.298950
894.500000 615.000000
929.018616 614.974976
963.564270 613.554321
997.029358 615.025330
1031.834351 615.036255
1066.865967 615.959717
1102.000000 617.000000
1135.094238 616.023682
1169.586304 615.970398
1205.064941 616.836060
1237.964478 617.523376
1273.000000 617.000000
1308.908691 615.836609
1343.926514 617.194214
1378.656860 616.073669
1411.627319 615.744995
442.134674 640.131714
476.443848 640.875977
511.500000 641.000000
546.545288 642.036316
582.350220 641.696350
616.588745 643.901489
651.958008 643.031738
685.196411 644.269836
720.420959 644.035278
754.619812 645.859375
787.899536 646.730225
823.000000 646.000000
858.128723 643.629211
892.600830 647.781555
926.437256 646.958008
962.000000 646.500000
996.000000 648.000000
1030.210815 647.908875
1064.694214 648.154175
1099.368042 648.378113
1133.397583 649.666138
1169.787354 649.427490
1202.902344 650.076050
1238.201782 649.427429
1271.875488 650.216980
1307.795410 649.240601
1341.491089 650.645996
1376.975220 649.554321
1412.018799 649.557312
439.472931 673.079529
473.465179 674.854736
509.672028 673.927490
544.000000 674.500000
578.662598 674.880737
613.162170 676.477783
648.521667 677.158752
682.970520 676.931946
717.536987 677.295776
752.082214 677.992249
786.973206 678.208435
822.500000 679.500000
855.958130 681.495605
890.667908 679.515198
925.823608 680.475220
960.552979 679.066772
995.066406 681.426331
1028.380371 682.692078
1063.489380 681.091797
1098.887451 680.598877
1133.569336 682.390320
1168.572998 680.748352
1202.210815 681.985901
1237.012939 682.018616
1272.206665 683.014832
1307.555298 681.469543
1342.106812 683.434570
1376.548462 682.480957
1412.605835 683.182922
435.500000 704.500000
471.000000 707.000000
505.500000 706.000000
541.540710 708.042725
574.573792 708.734436
611.545593 710.097107
644.383728 709.946289
680.715515 709.836426
716.030701 709.262695
750.683594 711.803162
784.129028 712.268982
819.776367 712.429138
855.522400 711.427490
888.171692 711.703369
923.015320 714.997009
958.645447 713.998108
993.183716 713.486755
1027.352173 713.715454
1062.760010 712.957703
1097.604980 714.757446
1131.627441 714.591492
1167.006104 715.861206
1201.252441 714.797607
1236.886108 716.180664
1269.500000 714.000000
1305.845581 715.298950
1341.016846 715.468140
1376.223633 716.954529
1411.115845 715.863586
435.000000 738.500000
468.721802 739.895508
504.443604 739.489929
539.888306 740.274048
574.551514 741.824768
610.090759 741.037720
644.054749 741.974426
679.837219 742.551208
713.223083 743.336426
749.534302 743.466125
783.330566 744.889160
818.408142 743.620667
852.836060 745.824585
887.795105 744.479431
922.000000 746.000000
957.571777 745.302551
991.243225 746.114929
1025.628540 748.140747
1061.007812 747.016052
1095.650391 747.477173
1130.992310 748.751709
1165.775146 747.270325
1201.241333 748.634155
1235.045288 748.248901
1270.037842 748.532288
1305.703613 747.965393
1340.183594 748.931213
1375.493042 748.730591
1411.500000 748.000000
431.370392 772.794067
466.550415 772.559387
501.581512 773.525818
537.153137 774.533691
572.475952 773.673950
606.438416 775.732849
642.184021 774.488647
675.865601 776.087708
712.205017 775.458496
746.229309 777.028564
780.651245 777.666748
816.519775 778.786987
850.588501 778.372742
886.340576 779.804688
919.978394 779.027405
955.839478 780.285767
989.000000 779.000000
1025.450195 780.924438
1060.546021 779.464478
1094.441162 780.646484
1129.361206 781.221497
1165.255615 781.739624
1199.893921 780.738342
1234.799927 782.448853
1269.524414 781.314148
1305.151123 782.619873
1338.651001 783.042175
1375.407959 782.843628
1409.151001 783.200195
430.060730 806.464172
463.924194 806.546997
498.702423 806.977844
533.753662 807.271912
566.775024 807.527283
605.909607 807.942505
640.062195 809.404358
675.339355 808.842346
710.052734 810.560242
743.967041 810.532410
779.906860 811.715210
814.732483 810.210693
849.535889 812.643433
883.767273 812.151794
919.768494 813.109131
954.284485 812.221802
989.070312 813.658508
1023.474731 813.484558
1058.052246 813.531616
1093.139282 814.151001
1128.832153 814.908264
1163.920166 813.636230
1198.827637 815.750977
1234.238647 814.094177
1269.107056 815.721497
1303.487915 815.630310
1339.004272 815.764160
1374.159790 815.878540
1410.258057 816.547241
426.709351 838.310913
461.829803 839.771973
497.609070 839.614380
531.500000 841.000000
568.817688 841.154663
601.487732 842.016113
637.500000 843.500000
672.620056 843.812500
706.871033 843.390991
742.896545 844.579102
778.196716 843.367981
812.424744 846.071655
848.023193 844.376343
883.462341 846.128967
918.056091 845.267456
952.669983 847.387085
987.050110 846.559204
1022.695068 847.892090
1056.892212 847.580505
1092.836426 848.497253
1128.215454 847.073425
1162.503540 848.218506
1196.664429 848.782898
1232.983887 849.494690
1267.814209 848.559998
1303.084961 849.189697
1338.121338 849.096252
1373.312500 849.091614
1408.986694 849.453491
422.368713 873.026001
458.500000 873.500000
493.500000 874.000000
529.743469 873.460449
564.569214 875.970459
599.236023 875.703674
635.288330 877.251831
670.500000 877.500000
705.987366 877.585999
738.850525 878.414368
775.767822 878.511047
811.415527 877.786987
845.755066 879.701172
880.412842 879.295471
915.140625 879.628479
951.558472 879.222717
986.192688 880.921936
1020.533020 880.821838
1056.226440 881.554810
1090.545410 881.663208
1126.553345 882.301392
1161.188232 881.679138
1197.035400 882.863770
1231.147827 882.597412
1267.658325 883.470581
1301.344116 883.485413
1338.077393 883.643494
1372.938232 883.141785
1408.359131 883.082275
420.000000 907.000000
455.000000 907.500000
490.779236 907.702698
526.656372 910.072021
561.581421 909.003052
598.148254 909.936279
632.000000 909.500000
668.375122 911.068237
702.700256 910.994629
737.794556 911.071411
774.563232 911.049194
808.881714 912.882446
843.429138 912.863037
878.876465 913.758911
913.567261 913.484253
949.389893 914.736206
983.214050 914.820862
1019.715454 915.018433
1054.211548 914.783081
1089.520020 915.067078
1125.566406 914.366272
1160.576172 916.256714
1195.359497 915.876892
1231.691162 916.809998
1266.002075 916.499817
1302.318481 917.465271
1337.094238 917.003174
1372.178467 916.994751
1408.418823 917.167847
417.470428 941.270325
452.512085 941.426819
488.631958 942.918518
524.395935 941.398254
559.426147 943.464172
595.663696 942.761658
630.662781 944.383545
665.053040 944.474731
700.999695 945.400635
735.902283 945.143066
771.789001 946.275696
807.276794 945.431763
841.354431 946.487122
875.927490 947.646301
911.918945 947.203430
948.047241 947.212158
982.679199 948.110901
1018.716614 947.625366
1053.674194 949.331360
1088.219238 949.227844
1124.197510 949.967468
1159.759155 948.841431
1195.161499 950.725891
1230.085571 950.069214
1266.156372 951.261658
1300.149048 951.643616
1336.296875 950.823303
1371.832886 951.454712
1407.480835 951.250122
413.463898 974.927673
450.234833 975.468872
482.629059 976.200134
520.319885 975.960571
556.290955 977.126526
591.837769 977.441345
628.648865 977.350403
663.451294 979.061768
698.093628 979.343872
734.333679 979.991638
768.874756 979.753052
804.685242 981.448059
839.950439 980.551697
875.388428 981.704956
910.399109 981.403076
946.280701 982.539429
980.969727 981.992126
1017.005005 983.195557
1050.500000 981.500000
1087.803101 983.699585
1122.651611 983.362000
1157.984741 983.735474
1193.150391 984.308105
1229.592896 985.114380
1265.321289 983.793945
1300.312012 984.882019
1335.630371 985.209839
1371.415527 985.413635
1408.008301 984.799011
411.000000 1009.000000
446.691620 1010.030884
482.939789 1011.520142
518.000000 1010.500000
555.000000 1010.000000
589.245728 1011.895264
625.811523 1013.128357
661.973755 1012.339661
697.000000 1012.000000
732.529541 1012.933411
768.500000 1012.500000
803.060486 1013.503296
837.857117 1014.939758
873.981934 1014.607849
908.570129 1015.561523
945.053772 1015.205139
980.034607 1017.226562
1015.872925 1016.092957
1050.956177 1017.576416
1086.616455 1016.337891
1122.015381 1018.557190
1157.073608 1017.842468
1192.337158 1018.224243
1228.212769 1018.529846
1263.821411 1018.905273
1299.716797 1019.070679
1335.957153 1020.475220
1370.939697 1019.778564
1407.369019 1020.597900
407.712891 1044.709595
444.018646 1044.022949
480.629639 1044.181763
515.187378 1044.702637
551.261719 1045.647217
587.231567 1047.057983
621.742249 1047.822510
657.500000 1047.500000
694.433655 1046.111206
729.808228 1048.570557
764.000000 1047.500000
801.168884 1049.407715
836.862610 1048.422607
871.493652 1049.564209
906.669983 1050.306274
943.023865 1051.435913
977.616943 1051.150146
1014.033813 1051.770874
1049.120483 1051.516235
1085.251587 1052.552612
1120.111328 1052.098145
1156.611450 1053.372925
1191.475830 1052.886841
1228.223633 1053.942749
1262.637207 1053.701050
1298.831177 1053.784790
1333.852051 1054.825195
1370.542725 1054.436279
1407.447754 1053.874756
