58.164284 716.583618
85.004768 717.062500
111.786858 717.540222
138.792648 718.021973
165.516098 718.498779
192.725159 718.984131
219.781479 719.466797
246.727692 719.947510
273.503632 720.425232
300.722778 720.910767
327.728394 721.392578
354.578949 721.871582
382.032288 722.361328
409.013062 722.842651
436.160889 723.326904
462.756897 723.801392
490.257050 724.291992
517.633423 724.780396
544.362427 725.257263
571.279297 725.737427
598.837097 726.229004
626.121216 726.715820
653.437195 727.203064
681.264343 727.699463
707.405151 728.165833
735.597229 728.668823
762.511414 729.148926
790.083130 729.640747
817.633118 730.132202
845.342407 730.626587
873.013184 731.120239
897.935059 731.564819
924.341675 732.035889
58.528049 689.659546
85.343987 690.116089
111.980278 690.569702
138.989212 691.029663
165.713715 691.484741
192.904465 691.947754
219.950241 692.408386
246.871323 692.866821
273.679688 693.323242
300.845612 693.785889
327.833160 694.245483
354.674408 694.702515
382.099152 695.169556
409.056396 695.628601
436.185394 696.090576
462.787476 696.543640
490.265686 697.011536
517.609070 697.477173
544.344543 697.932495
571.263916 698.390869
598.772461 698.859253
626.034302 699.323547
653.331543 699.788391
681.104614 700.261353
707.337158 700.708008
735.432678 701.186523
762.372192 701.645264
789.921570 702.114380
817.453430 702.583252
845.131165 703.054565
872.779907 703.525391
897.817810 703.951782
924.218994 704.401306
58.865051 664.715454
85.659454 665.054932
112.160851 665.390625
139.173431 665.732910
165.899612 666.071411
193.073792 666.415771
220.110214 666.758179
247.007980 667.098999
273.847839 667.438965
300.963348 667.782471
327.933960 668.124146
354.766602 668.464111
382.164001 668.811218
409.098572 669.152405
436.209320 669.495850
462.817444 669.833008
490.274170 670.180786
517.584961 670.526733
544.326904 670.865601
571.248535 671.206665
598.708008 671.554504
625.947266 671.899597
653.225403 672.245178
680.943481 672.596313
707.268433 672.929810
735.265625 673.284546
762.230286 673.626099
789.756470 673.974854
817.269043 674.323425
844.913757 674.673584
872.539001 675.023560
897.696411 675.342285
924.091431 675.676636
59.234039 637.405945
86.003296 637.743774
112.356743 638.076416
139.372345 638.417297
166.099442 638.754639
193.254959 639.097290
220.280594 639.438416
247.152878 639.777527
274.025330 640.116699
301.087067 640.458191
328.039429 640.798340
354.862610 641.136841
382.231232 641.482239
409.142090 641.821899
436.233887 642.163757
462.848083 642.499634
490.282837 642.845886
517.560547 643.190125
544.309021 643.527710
571.233154 643.867493
598.643433 644.213379
625.860535 644.556885
653.120056 644.900940
680.784302 645.250061
707.200684 645.583435
735.101807 645.935547
762.091797 646.276184
789.595947 646.623291
817.090576 646.970276
844.704163 647.318726
872.307739 647.667114
897.580261 647.986084
923.969971 648.319092
59.605438 609.915344
86.349121 610.271057
112.553650 610.619507
139.572159 610.978882
166.300018 611.334290
193.436691 611.695190
220.451370 612.054443
247.298004 612.411499
274.202972 612.769287
301.210815 613.128540
328.144806 613.486694
354.958496 613.843262
382.298309 614.206909
409.185486 614.564453
436.258392 614.924500
462.878632 615.278503
490.291443 615.643066
517.536255 616.005371
544.291260 616.361206
571.217834 616.719360
598.579407 617.083191
625.774475 617.444824
653.015625 617.807129
680.626648 618.174316
707.133728 618.526855
734.939941 618.896667
761.955017 619.255920
789.437500 619.621460
816.914551 619.986877
844.497620 620.353638
872.080017 620.720459
897.465942 621.058105
923.850464 621.408997
59.971100 582.851196
86.690033 583.192017
112.747963 583.524414
139.769577 583.869141
166.498444 584.210083
193.616669 584.556030
220.620728 584.900513
247.442108 585.242615
274.379578 585.586243
301.333954 585.930054
328.249847 586.273438
355.054169 586.615356
382.365326 586.963745
409.228912 587.306396
436.282928 587.651550
462.909241 587.991211
490.300079 588.340576
517.511841 588.687744
544.273376 589.029053
571.202454 589.372620
598.514771 589.721008
625.687622 590.067627
652.910095 590.414917
680.467041 590.766418
707.065857 591.105713
734.775635 591.459229
761.816040 591.804138
789.276306 592.154419
816.735229 592.504700
844.286926 592.856201
871.847412 593.207764
897.349060 593.533081
923.728149 593.869568
60.341400 555.446167
87.034821 555.802795
112.944290 556.148987
139.968811 556.510071
166.698456 556.867188
193.797897 557.229309
220.791046 557.589966
247.586853 557.947998
274.556763 558.308350
301.457397 558.667725
328.354980 559.027100
355.149811 559.385132
382.432251 559.749634
409.272217 560.108276
436.307373 560.469482
462.939728 560.825256
490.308685 561.190979
517.487549 561.554077
544.255676 561.911743
571.187134 562.271606
598.450867 562.635864
625.601746 562.998657
652.805847 563.362061
680.309570 563.729614
706.998962 564.086182
734.613892 564.455139
761.679382 564.816772
789.118042 565.183350
816.559387 565.550049
844.080566 565.917725
871.619873 566.285706
897.234863 566.627930
923.608765 566.980286
60.698120 529.042847
87.367615 529.365662
113.134132 529.677490
140.161835 530.004639
166.892593 530.328186
193.974136 530.656006
220.956985 530.982605
247.728149 531.306641
274.730042 531.633423
301.578339 531.958435
328.458191 532.283752
355.243896 532.608032
382.498199 532.937866
409.314972 533.262451
436.331573 533.589478
462.969910 533.911865
490.317230 534.242920
517.463440 534.571472
544.238037 534.895569
571.171936 535.221558
598.386902 535.550964
625.515686 535.879333
652.701172 536.208374
680.151306 536.540649
706.931580 536.864807
734.450684 537.197876
761.541199 537.525757
788.957703 537.857605
816.380859 538.189575
843.870667 538.522278
871.388000 538.855347
897.118286 539.166748
923.486694 539.485962
61.065125 501.878601
87.709625 502.198425
113.328995 502.505920
140.359711 502.830353
167.091385 503.151184
194.154388 503.476013
221.126511 503.799744
247.872330 504.120758
274.906677 504.445221
301.701477 504.766815
328.563141 505.089233
355.339447 505.410614
382.565125 505.737396
409.358276 506.058960
436.356049 506.382996
463.000427 506.702820
490.325836 507.030762
517.439148 507.356201
544.220215 507.677643
571.156555 508.000946
598.322632 508.326996
625.429321 508.652344
652.596252 508.978394
679.992737 509.307251
706.864136 509.629761
734.287598 509.958893
761.403259 510.284363
788.797791 510.613159
816.203125 510.942078
843.661865 511.271667
871.157654 511.601685
897.002563 511.911865
923.365601 512.228271
61.425385 475.211212
88.045410 475.524597
113.520348 475.824524
140.554062 476.142761
167.286667 476.457458
194.331467 476.775879
221.293076 477.093262
248.014008 477.407837
275.080231 477.726471
301.822479 478.041290
328.666321 478.357300
355.433380 478.672424
382.630890 478.992615
409.400879 479.307739
436.380096 479.625366
463.030457 479.939117
490.334320 480.260559
517.415161 480.579346
544.202698 480.894714
571.141479 481.211853
598.259338 481.531097
625.344238 481.849945
652.492920 482.169556
679.836548 482.491455
706.797729 482.808868
734.126953 483.130585
761.267395 483.450104
788.640320 483.772339
816.027954 484.094757
843.456116 484.417664
870.930603 484.741089
896.888550 485.046692
923.246277 485.356995
61.782227 448.800964
88.378296 449.077728
113.710274 449.341309
140.747192 449.622650
167.480927 449.900848
194.507828 450.182098
221.459152 450.462555
248.155441 450.740326
275.253723 451.022339
301.943573 451.300049
328.769653 451.579193
355.527588 451.857635
382.696960 452.140381
409.443695 452.418701
436.404327 452.699249
463.060699 452.976624
490.342865 453.260529
517.390991 453.541992
544.184998 453.820801
571.126160 454.101135
598.195251 454.382812
625.257996 454.664429
652.388000 454.946747
679.677856 455.230713
706.730164 455.512238
733.963257 455.795624
761.128784 456.078308
788.479431 456.362915
815.848877 456.647705
843.245544 456.932800
870.697937 457.218445
896.771606 457.489777
923.123779 457.764008
62.149078 421.647461
88.720032 421.934937
113.904861 422.207428
140.944702 422.500000
167.679245 422.789246
194.687561 423.081482
221.628098 423.372955
248.299042 423.661530
275.429535 423.955078
302.066071 424.243286
328.874023 424.533325
355.622589 424.822754
382.763428 425.116394
409.486725 425.405518
436.428619 425.697021
463.091003 425.985504
490.351410 426.280457
517.366943 426.572754
544.167419 426.862732
571.110962 427.154266
598.131653 427.446594
625.172546 427.739197
652.284302 428.032532
679.521179 428.327209
706.663574 428.620880
733.802307 428.914520
760.992737 429.208710
788.321838 429.504395
815.673706 429.800354
843.039978 430.096436
870.471191 430.393219
896.657715 430.676544
923.004761 430.961639
62.505341 395.281555
89.052277 395.541748
114.094337 395.787170
141.137299 396.052185
167.872925 396.314209
194.863327 396.578735
221.793564 396.842651
248.439896 397.103790
275.602234 397.369995
302.186584 397.630554
328.976837 397.893097
355.716278 398.155151
382.829071 398.420868
409.529266 398.682556
436.452667 398.946411
463.121033 399.207764
490.359894 399.474731
517.342957 399.739166
544.149841 400.001892
571.095825 400.265961
598.068115 400.530304
625.087036 400.795105
652.180359 401.060638
679.363953 401.327026
706.596680 401.593933
733.640259 401.858978
760.855591 402.125702
788.162720 402.393311
815.496643 402.661194
842.831848 402.929077
870.241333 403.197723
896.542236 403.455475
922.883789 403.713623
62.868530 368.398193
89.390961 368.638336
114.287422 368.863800
141.333511 369.108704
168.070160 369.350800
195.042282 369.595032
221.961975 369.838806
248.583221 370.079834
275.777924 370.326111
302.309113 370.566345
329.081360 370.808777
355.811493 371.050812
382.895813 371.296051
409.572510 371.537628
436.477112 371.781250
463.151520 372.022766
490.368500 372.269226
517.318604 372.513275
544.132019 372.756073
571.080444 373.000092
598.003662 373.243866
625.000427 373.488342
652.075073 373.733490
679.204712 373.979156
706.528931 374.226593
733.476257 374.470581
760.716858 374.717255
788.001770 374.964325
815.317566 375.211670
842.621399 375.458893
870.008972 375.706909
896.425415 375.946106
922.761475 376.184570
63.221375 342.281403
89.720093 342.490356
114.475159 342.685547
141.524368 342.898865
168.262115 343.109680
195.216507 343.322235
222.126022 343.534424
248.722885 343.744171
275.949219 343.958862
302.428650 344.167664
329.183380 344.378632
355.904480 344.589355
382.960968 344.802704
409.614746 345.012878
436.501007 345.224884
463.181366 345.435272
490.376923 345.649719
517.294800 345.862000
544.114624 346.073486
571.065430 346.286011
597.940552 346.497925
624.915466 346.710632
651.971741 346.923981
679.048401 347.137512
706.462402 347.353668
733.315125 347.565430
760.580444 347.780396
787.843506 347.995392
815.141418 348.210663
842.414246 348.425720
869.780212 348.641510
896.310425 348.850708
922.641052 349.058350
63.585724 315.316498
90.059357 315.543304
114.668304 315.754120
141.720367 315.985870
168.458847 316.214935
195.394760 316.445709
222.293533 316.676147
248.865234 316.903778
276.123444 317.137299
302.550018 317.363678
329.286743 317.592712
355.998505 317.821564
383.026764 318.053131
409.657318 318.281250
436.525024 318.511414
463.211304 318.740051
490.385376 318.972839
517.270935 319.203156
544.097168 319.432983
571.050415 319.663879
597.877747 319.893707
624.831055 320.124603
651.869385 320.356262
678.893860 320.587769
706.396729 320.823364
733.156372 321.052612
760.446289 321.286407
787.688171 321.519775
814.968811 321.753479
842.211731 321.986877
869.556885 322.221130
896.198303 322.449371
922.523926 322.674896
63.941986 288.946899
90.391235 289.178467
114.857361 289.392700
141.912292 289.629547
168.651611 289.863647
195.569489 290.099304
222.457809 290.334717
249.004913 290.567139
276.294495 290.806091
302.669220 291.036987
329.388336 291.270905
356.090973 291.504700
383.091492 291.741089
409.699219 291.974030
436.548676 292.209106
463.240814 292.442810
490.393677 292.680542
517.247437 292.915649
544.080017 293.150543
571.035583 293.386536
597.815674 293.621002
624.747742 293.856812
651.768127 294.093384
678.740906 294.329529
706.331726 294.571075
732.999207 294.804535
760.313416 295.043671
787.534180 295.282013
814.797668 295.520691
842.010742 295.758972
869.335205 295.998169
896.087036 296.232391
922.407471 296.462830
64.295380 262.788116
90.721191 262.968323
115.045670 263.134155
142.103897 263.318665
168.844467 263.500977
195.744659 263.684387
222.622879 263.867645
249.145554 264.048492
276.467102 264.234741
302.789764 264.414246
329.491272 264.596313
356.184875 264.778320
383.157349 264.962219
409.741943 265.143463
436.572876 265.326416
463.271027 265.508453
490.402222 265.693451
517.223267 265.876312
544.062317 266.059296
571.020264 266.243103
597.751465 266.425385
624.661255 266.608856
651.662964 266.792969
678.581665 266.976501
706.263916 267.165253
732.834778 267.346405
760.174133 267.532837
787.372437 267.718262
814.617493 267.904053
841.798767 268.089355
869.100891 268.275513
895.969116 268.458710
922.283936 268.638123
64.660309 235.777084
91.060699 235.997284
115.238838 236.198959
142.299744 236.424683
169.040894 236.647720
195.922485 236.871948
222.789841 237.096054
249.287323 237.317047
276.640472 237.545212
302.910431 237.764328
329.593964 237.986893
356.278229 238.209457
383.222595 238.434204
409.784119 238.655746
436.596649 238.879395
463.300629 239.102142
490.410583 239.328262
517.199768 239.551697
544.045105 239.775650
571.005493 240.000519
597.689636 240.223083
624.578247 240.447342
651.562317 240.672440
678.429810 240.896515
706.199463 241.128159
732.679138 241.349014
760.042725 241.577240
787.220398 241.803955
814.448669 242.031052
841.600891 242.257538
868.882874 242.485092
895.859741 242.710114
922.169800 242.929565
65.015594 209.482635
91.392151 209.669724
115.427872 209.840195
142.491943 210.032166
169.234207 210.221832
196.097961 210.412369
222.955063 210.602875
249.428009 210.790634
276.813019 210.984863
303.030853 211.170853
329.696716 211.359970
356.371887 211.549164
383.288269 211.740082
409.826691 211.928299
436.620728 212.118347
463.330688 212.307800
490.419067 212.499954
517.175720 212.689713
544.027527 212.880173
570.990295 213.071411
597.625977 213.260330
624.492615 213.450882
651.458130 213.642151
678.272217 213.832336
706.132385 214.029938
732.516663 214.217072
759.905151 214.411331
787.060730 214.603958
814.270996 214.796951
841.391968 214.989304
868.652100 215.182663
895.743774 215.374817
922.048279 215.561386
65.375183 182.870804
91.727020 183.067596
115.618599 183.245987
142.685532 183.448120
169.428604 183.647827
196.274124 183.848312
223.120667 184.048782
249.568787 184.246292
276.985382 184.451050
303.150940 184.646423
329.799042 184.845413
356.464996 185.044571
383.353424 185.245346
409.868866 185.443375
436.644531 185.643326
463.360382 185.842834
490.427460 186.044952
517.152100 186.244522
544.010254 186.445068
570.975403 186.646454
597.563599 186.845001
624.408813 187.045471
651.356384 187.246704
678.118591 187.446548
706.067078 187.655258
732.358765 187.851593
759.771729 188.056320
786.906189 188.258957
814.099182 188.462021
841.190308 188.664307
868.429688 188.867722
895.632080 189.070862
921.931519 189.267258
65.732910 156.389206
92.060577 156.569656
115.808739 156.732422
142.878723 156.917953
169.622787 157.101257
196.450287 157.285141
223.286438 157.469070
249.709839 157.650192
277.158264 157.838318
303.271515 158.017303
329.901886 158.199829
356.558685 158.382538
383.419067 158.566635
409.911377 158.748230
436.668579 158.931610
463.390381 159.114777
490.435913 159.300125
517.128174 159.483093
543.992798 159.667221
570.960327 159.852036
597.500305 160.033951
624.323669 160.217804
651.252930 160.402390
677.962158 160.585434
706.000549 160.777603
732.197693 160.957169
759.635437 161.145233
786.748169 161.331055
813.923401 161.517319
840.983704 161.702805
868.201660 161.889343
895.517456 162.076584
921.811523 162.256805
66.082947 130.485596
92.387024 130.639999
115.994873 130.778564
143.067932 130.937439
169.813034 131.094452
196.622940 131.251770
223.448959 131.409271
249.848190 131.564178
277.327911 131.725525
303.389862 131.878464
330.002869 132.034668
356.650696 132.191101
383.483551 132.348541
409.953156 132.503967
436.692200 132.660919
463.419891 132.817780
490.444244 132.976379
517.104614 133.132874
543.975525 133.290588
570.945435 133.448883
597.437927 133.604401
624.239746 133.761719
651.150879 133.919647
677.807800 134.076141
705.934814 134.241211
732.038635 134.394440
759.500854 134.555603
786.591919 134.714630
813.749573 134.874054
840.779419 135.032684
867.975952 135.192322
895.404053 135.353302
921.692749 135.507599
66.439789 104.070610
92.719101 104.261688
116.183815 104.432251
143.259506 104.629150
170.005203 104.823639
196.796921 105.018402
223.612335 105.213379
249.986923 105.405151
277.497589 105.605194
303.507965 105.794281
330.103394 105.987701
356.742065 106.181396
383.547424 106.376282
409.994476 106.568573
436.715485 106.762878
463.448883 106.957214
490.452423 107.153595
517.081604 107.347198
543.958679 107.542633
570.930969 107.738739
597.377258 107.931030
624.158386 108.125732
651.052246 108.321320
677.658997 108.514740
705.871643 108.719879
731.886047 108.909058
759.372009 109.108887
786.442871 109.305695
813.584045 109.503082
840.585327 109.699402
867.762146 109.896973
895.296814 110.097198
921.580811 110.288300
66.782867 78.678833
93.038788 78.864685
116.365997 79.029816
143.444534 79.221497
170.191101 79.410828
196.965500 79.600342
223.770889 79.790100
250.121780 79.976624
277.662811 80.171600
303.623169 80.355377
330.201569 80.543488
356.831482 80.732025
383.610046 80.921600
410.035004 81.108673
436.738403 81.297638
463.477448 81.486969
490.460480 81.678009
517.058838 81.866211
543.942017 82.056519
570.916565 82.247498
597.317078 82.434387
624.077454 82.623779
650.953979 82.814056
677.510437 83.002045
705.808472 83.202362
731.733215 83.385895
759.242737 83.580658
786.293030 83.772064
813.417419 83.964111
840.389587 84.155029
867.546204 84.347290
895.188354 84.542969
921.467285 84.729004
