124.790543 120.336838
149.950668 121.043457
175.470673 120.084686
202.060608 121.316429
228.458862 120.124161
253.485794 121.061501
279.628174 121.516838
305.008148 121.567909
331.666382 121.565987
356.823517 120.927231
383.393890 122.166100
408.688446 120.660583
433.495148 122.862633
459.643188 121.537437
485.287872 121.109543
512.059265 119.737617
537.914612 121.775124
562.445923 120.258415
587.240723 121.095909
613.656799 119.726448
640.188477 120.472397
665.618042 119.181816
691.467651 119.720596
717.120728 119.492462
743.284302 118.875938
769.093994 118.818878
795.580383 118.323944
821.368835 117.375031
846.450623 117.406357
124.219894 145.937180
150.466660 146.316986
176.803360 146.474564
201.258026 145.353134
228.191650 146.221344
253.866898 146.652115
278.752197 146.740112
304.992920 146.214508
330.634888 146.461273
356.681732 146.528412
381.305023 147.396133
408.541077 145.237198
434.039276 146.276901
460.416901 145.301117
484.998627 145.939972
510.788666 146.088303
537.261108 146.411011
562.806458 145.882797
588.164734 145.561142
613.086853 144.458725
639.996582 145.298203
665.716064 144.730026
691.901550 144.951828
717.642090 144.720490
743.352173 143.394943
769.460938 144.051544
795.757019 143.973221
822.083679 142.491943
846.992371 143.145386
123.968964 171.409424
151.116241 170.334808
177.031494 170.493851
202.170013 170.830505
228.599854 170.673935
253.535675 172.598877
279.493622 171.460464
305.499329 170.740326
331.652985 170.604691
356.526764 172.053879
382.223572 171.158463
408.219910 171.013962
434.033356 171.469299
459.649719 171.136520
485.855621 170.401993
510.822327 171.286621
536.218811 171.749207
563.796570 171.242935
589.194336 171.086685
614.138550 170.520935
639.034668 169.673813
666.401123 170.787170
691.729492 170.102173
717.324280 170.257004
744.674316 168.768967
769.483765 169.207352
795.780457 168.809769
821.679626 168.813995
847.352356 167.731613
123.433731 196.527023
149.757294 195.805664
174.986252 196.646225
202.188614 196.711990
228.046524 196.045334
253.372269 196.418747
279.417511 196.190964
304.055267 196.855820
330.226410 196.245239
357.369080 196.381424
382.358673 196.407776
409.104309 196.122665
434.391541 196.146530
459.854462 195.643799
485.155762 197.045166
511.114075 196.083298
536.881348 195.766144
562.513489 196.101486
587.611511 196.964478
613.971863 195.460297
640.307678 195.759338
665.980774 195.514801
692.198059 194.953003
717.878967 195.079941
743.288452 194.349594
769.506592 194.293762
796.286682 194.668472
821.629639 193.677856
847.724792 193.679703
124.746651 221.890198
151.522476 221.278061
175.703796 221.343887
201.119156 221.331787
227.978638 220.511795
253.655792 221.200226
279.679321 220.689392
304.998810 221.627686
330.809998 221.813538
357.182800 222.535370
381.785004 221.413651
407.574524 221.512726
433.563782 221.938965
459.792419 222.024872
486.198029 221.125107
511.003754 221.391861
536.946533 221.397141
562.914001 221.145004
588.556274 221.187073
615.309082 221.336273
640.191406 220.968201
666.239380 220.598434
692.649170 219.420380
718.109985 221.753998
743.773254 219.757050
769.908203 219.293839
796.157837 219.410416
821.977356 219.096344
848.143005 218.677948
124.444473 246.749115
149.453476 246.257889
175.568893 248.196732
201.973450 245.960266
226.985306 245.572678
252.636047 246.389801
279.535217 247.017960
304.120453 246.140030
330.982361 247.505035
357.062531 246.086792
382.381165 247.114105
408.052124 246.943466
434.250366 247.773056
458.685120 246.167923
485.392578 246.674484
511.183960 246.854202
536.968018 246.376144
562.921692 246.431778
588.784668 247.986145
614.417847 246.212418
640.189636 245.860458
666.281372 245.715057
691.964294 245.548157
718.125671 245.491013
743.960510 244.966095
770.317322 243.816467
796.417847 244.626526
822.152710 244.275970
848.514648 244.958557
123.160835 271.293335
148.799774 271.352448
175.109741 271.542664
200.799500 271.893921
226.840866 272.120880
253.491791 272.300964
278.566895 272.090332
304.672211 272.576782
330.377533 272.381805
356.900146 272.587952
382.161316 272.318604
408.431396 272.544312
434.753418 271.453766
459.565918 272.185394
485.192993 272.035767
511.169647 272.267212
536.480469 272.676208
563.510376 272.231232
588.179138 272.388428
614.918701 271.868073
640.502319 271.495941
666.737915 272.079712
692.270142 270.936066
718.466553 270.545959
743.997559 271.730011
770.512268 270.233398
797.121826 269.089050
822.905029 270.492157
848.749817 269.556427
123.694229 296.070984
150.507187 296.475250
176.282043 297.157867
201.060089 297.142334
226.969147 296.958557
253.229950 296.471893
278.552002 297.305206
304.030334 297.338776
330.336945 297.394104
355.493286 297.834930
382.028900 297.542542
407.720459 297.477448
434.559174 297.903320
460.069275 298.132935
485.951080 297.796295
511.807831 296.380005
536.959290 297.209930
563.068054 296.898315
589.379639 297.290466
615.773315 297.771973
640.577942 296.712433
666.463623 296.353943
693.118774 296.697266
717.835083 296.926392
744.126343 296.199097
771.062805 294.968323
797.394714 295.696655
823.457275 294.509674
848.220215 293.951630
122.516357 321.674561
148.204620 321.935089
174.422714 321.710754
200.680298 322.189636
227.442474 321.600861
253.154968 322.988037
279.573608 321.994873
304.496307 322.645874
330.842926 322.143646
356.511993 323.237671
381.454071 323.605347
407.697113 322.722076
433.903717 320.573273
459.871338 323.460419
485.176880 322.516510
511.793701 321.838654
537.311340 322.684998
562.934937 322.302338
588.777039 322.176697
614.764465 322.032776
640.303589 322.715515
667.569092 322.199066
692.408447 322.396942
718.853455 321.574066
744.120911 321.875641
771.032043 320.794006
796.335999 321.570618
822.927063 320.403839
849.216553 320.085754
122.230797 347.053223
147.698380 348.109406
174.685547 347.068848
200.348099 347.197815
226.253891 347.176361
252.096817 348.091248
278.541016 348.294250
304.267303 347.807831
330.110840 347.774292
355.955200 347.996613
382.040680 347.846558
408.647003 348.517578
433.734955 349.748566
459.609436 347.911499
485.931885 348.330994
511.853912 346.933075
537.749390 348.434692
562.710083 349.106110
588.923157 347.557159
615.393921 346.857056
641.401062 347.920471
667.551208 346.339905
692.764893 346.986877
718.819397 346.696320
745.195129 347.143616
771.627136 345.633759
797.550049 346.832428
823.326111 345.786011
850.352783 345.998993
120.889725 371.201813
147.483810 372.798248
173.157532 371.721527
200.133072 372.962799
224.801071 373.195801
252.439728 373.907593
276.927734 373.496552
304.027710 373.085480
330.353516 372.327911
356.319824 373.963623
381.298889 374.019745
407.911896 373.821808
434.557556 372.732239
458.944641 372.649841
485.082214 374.861633
511.653107 373.775177
537.431030 373.072205
562.961731 372.940094
589.390198 372.040070
615.481873 373.106750
640.900513 372.673157
667.377563 373.328522
692.945496 372.204163
719.620605 372.944427
743.949158 370.977386
771.159912 371.646759
797.467651 371.459686
823.834106 372.283173
849.912292 371.131439
122.270813 397.225830
147.446884 397.991089
174.023727 397.362091
200.456299 397.644745
226.345016 398.520233
252.778961 397.601227
278.122314 398.013733
304.806213 398.135010
329.715851 398.436981
356.779938 398.211670
382.025574 398.997620
408.120697 397.714386
433.871002 399.091797
459.884094 397.750977
485.444855 398.607941
511.947662 397.756714
537.089417 398.077026
562.805542 399.318939
589.162109 398.142548
615.023987 398.185608
641.434448 398.844604
667.350220 397.400482
693.860596 398.126617
719.085144 397.529663
745.218323 397.433533
771.836853 396.680695
797.610107 397.111389
823.978699 396.641907
850.862061 395.760559
121.336594 423.426636
147.477798 422.935944
173.571671 423.361694
200.071060 423.814270
226.299179 422.845795
251.655121 424.113739
278.188416 422.848480
303.317078 423.768585
330.328339 422.966614
355.713409 423.861694
381.356812 424.042816
408.098083 424.578674
433.442352 423.960693
460.112823 424.735321
485.130127 423.844269
511.879486 424.485687
536.532227 423.210907
563.746948 424.355133
589.845337 422.930145
615.136597 423.530945
641.174622 423.659576
667.939758 423.736206
693.729980 422.664856
719.796448 423.659943
745.656372 422.485992
772.253357 423.165833
797.245239 423.190613
824.655334 422.712708
849.833191 422.685150
122.095100 449.056366
147.237534 448.821320
173.079590 448.842560
199.120499 448.757416
223.655106 448.660736
252.740479 448.631744
278.175385 449.442017
304.357697 448.704315
330.223175 449.704407
355.422333 449.384613
382.179260 449.967224
408.003754 448.516907
433.969025 450.059723
459.398804 449.384583
486.201447 449.795380
511.836945 448.816711
537.757202 449.602722
563.341736 449.167450
589.065918 448.898621
615.190186 449.060516
641.771606 449.321991
667.847717 448.045197
693.887939 449.346252
720.203796 447.773682
746.205078 448.704437
771.802307 448.332031
798.254211 448.120728
824.440308 447.897858
851.343689 448.088379
121.244446 473.249329
147.353912 474.049438
173.872849 473.617371
199.069794 474.371155
226.750748 474.162109
251.020691 474.529449
277.799072 475.339203
303.865021 475.269165
329.258026 474.650299
356.038879 475.235962
382.186035 474.009369
407.697357 475.759521
434.055817 474.163239
460.431213 475.182007
486.084900 474.226471
511.862976 475.530945
537.366821 474.602539
563.886169 475.301514
589.278992 474.766296
616.011414 475.147125
642.257080 473.757843
667.771362 474.326355
693.176453 474.455597
720.192200 474.677856
746.062256 473.663971
772.302795 473.833130
798.354858 473.455505
824.528076 473.144012
851.071716 473.106384
119.810974 499.552826
146.580673 499.597443
172.516861 499.671570
199.326538 498.949432
225.234314 500.543854
250.895432 500.041565
277.668091 500.898712
303.761841 500.780731
330.056091 500.537903
354.440247 500.878815
381.800659 500.631561
408.191925 499.774933
433.719208 500.923859
459.396027 500.316406
485.155731 500.266846
512.146057 499.643951
537.889221 500.627991
563.355530 500.254211
589.855652 500.498596
615.319336 500.282684
642.055115 500.452606
667.738770 499.681335
694.376160 500.266052
719.689453 499.768372
746.815552 500.111725
771.825806 499.830444
799.105957 499.630920
824.984619 498.948456
851.293457 498.595612
119.801231 525.203369
145.697433 525.278748
172.157715 525.123291
198.797607 526.599365
224.571045 525.493347
251.656265 525.881592
276.674011 525.261292
303.650116 526.129822
329.040375 525.778748
355.009705 525.534363
382.217712 525.200806
407.688782 526.286987
433.258514 525.974792
459.531830 526.344666
485.204834 525.838867
511.773224 526.473999
536.823486 526.246399
563.863464 526.080933
589.407959 525.606201
615.574158 525.516113
642.261475 524.676880
668.259033 525.800842
694.026733 525.214600
720.980713 525.605164
746.407593 525.075378
773.356018 525.490540
799.131531 524.842102
825.150146 524.533203
852.033691 524.351135
119.687912 551.004272
145.560150 550.822388
172.297043 551.634155
198.627625 550.186462
224.591217 551.439209
251.319183 550.601624
277.241364 551.521118
302.647400 551.295593
329.242035 551.684143
355.018188 551.192139
381.581512 551.736511
407.774261 550.798889
433.002380 551.300720
458.601746 551.876282
485.193451 551.235657
511.906830 550.933289
537.547546 551.312744
564.184265 550.639465
590.095886 551.623047
615.647522 551.249817
642.287964 551.498169
668.569946 550.347107
694.821655 551.461365
720.653015 550.668762
747.384094 551.256897
772.558960 551.253418
799.304932 550.326965
825.634583 550.497742
852.032654 550.038696
118.455116 576.283997
145.584305 576.377441
169.499191 576.650391
197.274155 576.151184
223.851471 576.719543
250.078323 576.653748
277.222656 576.273315
302.967773 577.260254
328.534119 577.177673
355.297333 577.355652
380.773773 576.883789
407.266663 577.850159
433.258728 576.879028
459.459595 577.442688
485.294220 576.919312
511.825989 577.466492
537.421997 576.761841
564.073792 577.358093
588.759460 575.802490
616.383545 577.134949
642.119324 576.585938
668.237366 576.565979
694.239990 576.696716
721.194824 576.991882
747.571350 575.698181
773.466125 576.217102
799.587402 576.162964
826.053894 576.011841
853.104858 575.239746
118.382301 601.788696
144.702576 602.258240
171.456451 603.065308
197.216507 602.008179
224.434952 601.323120
249.739471 602.450623
276.722473 603.063843
303.321930 602.170166
329.109070 601.621399
355.323730 602.019592
381.810333 601.392700
407.318481 601.851379
433.018585 602.631653
459.633118 602.079346
485.165222 602.500732
512.051086 601.927002
537.913086 603.143127
564.304565 601.993835
590.227173 602.807251
616.493652 601.580811
642.674561 602.941711
668.520691 602.112000
694.553101 602.100159
721.038208 602.026367
747.330933 602.006958
773.833496 601.828003
800.622070 602.572937
826.437683 601.756958
853.357666 602.062683
117.788261 628.446350
144.434555 627.631775
171.351898 627.444092
196.780640 627.543335
223.346634 627.945496
249.858704 628.695618
275.269775 628.976807
301.552795 628.437805
328.660248 627.094482
354.786041 628.631042
379.898590 627.547668
407.323669 628.658325
433.553558 627.626099
459.085236 628.187256
485.005127 628.446167
511.807434 628.984009
537.267395 628.481934
564.103760 628.640076
589.935730 628.156860
616.580200 628.627319
642.246155 627.997070
669.173889 628.642090
694.849915 627.988098
721.958496 628.468079
747.316223 627.999939
773.998108 627.759705
799.840332 628.242493
826.884705 627.645508
854.088318 626.917847
