83.262466 1214.608398
109.320549 1215.209106
134.429031 1215.787842
160.590332 1216.391113
186.994675 1216.999756
213.447784 1217.609619
239.812485 1218.217285
266.121796 1218.823853
292.556366 1219.433228
319.450531 1220.053223
345.560486 1220.655151
371.886566 1221.261963
397.997070 1221.863892
424.658020 1222.478516
450.618988 1223.077026
477.832245 1223.704346
503.760956 1224.302124
529.891418 1224.904419
556.916199 1225.527466
583.440491 1226.138916
610.026001 1226.751831
636.308044 1227.357666
663.188721 1227.977417
689.786987 1228.590576
716.245544 1229.200439
742.988464 1229.816895
770.037170 1230.440552
797.080444 1231.063965
823.853455 1231.681152
851.232788 1232.312256
878.044861 1232.930420
903.033569 1233.506470
928.947266 1234.103882
83.429596 1188.672729
109.484512 1189.253052
134.585236 1189.812012
160.757690 1190.394897
187.162872 1190.982910
213.617828 1191.572144
239.964981 1192.158936
266.292694 1192.745239
292.699829 1193.333374
319.572205 1193.931885
345.678589 1194.513184
372.019257 1195.099854
398.155426 1195.681885
424.787323 1196.275024
450.769653 1196.853760
477.943024 1197.458862
503.884735 1198.036621
530.036072 1198.619019
557.034119 1199.220337
583.547241 1199.810791
610.125854 1200.402710
636.435669 1200.988647
663.276917 1201.586426
689.872192 1202.178711
716.371155 1202.768921
743.097168 1203.364014
770.145264 1203.966553
797.157043 1204.567993
823.960388 1205.165039
851.306152 1205.773926
878.144165 1206.371704
903.173218 1206.929077
929.089844 1207.506348
83.589996 1163.785400
109.642059 1164.310303
134.735550 1164.815918
160.918961 1165.343506
187.325195 1165.875488
213.782166 1166.408691
240.112579 1166.939209
266.458344 1167.469971
292.839081 1168.001587
319.690491 1168.542603
345.793579 1169.068604
372.148560 1169.599609
398.310028 1170.126709
424.913727 1170.662842
450.917114 1171.186768
478.051605 1171.733398
504.006256 1172.256470
530.178223 1172.783691
557.150208 1173.327271
583.652527 1173.861328
610.224426 1174.396729
636.561829 1174.927368
663.364136 1175.467407
689.956665 1176.003174
716.495789 1176.537964
743.205139 1177.076172
770.252869 1177.621094
797.233398 1178.164795
824.067139 1178.705444
851.379456 1179.255859
878.243530 1179.797119
903.313171 1180.302246
929.232910 1180.824463
83.751953 1138.647217
109.801300 1139.103516
134.887527 1139.542969
161.082108 1140.001831
187.489471 1140.464478
213.948578 1140.927979
240.262100 1141.388916
266.626221 1141.850708
292.980316 1142.312500
319.810486 1142.782471
345.910278 1143.239746
372.279907 1143.701660
398.467102 1144.160400
425.042236 1144.625977
451.067078 1145.081787
478.162109 1145.556519
504.129944 1146.011353
530.322998 1146.470215
557.268494 1146.942261
583.759827 1147.406372
610.325012 1147.871704
636.690552 1148.333618
663.453186 1148.802368
690.042908 1149.268188
716.623169 1149.733887
743.315613 1150.201416
770.362854 1150.675293
797.311462 1151.147339
824.176392 1151.618042
851.454529 1152.095825
878.345398 1152.566895
903.456665 1153.006836
929.379517 1153.460938
83.918762 1112.767456
109.964813 1113.217407
135.043228 1113.650635
161.248825 1114.103394
187.656952 1114.559570
214.117798 1115.016724
240.413773 1115.471069
266.796112 1115.926880
293.122833 1116.381714
319.931305 1116.844727
346.027496 1117.295654
372.411530 1117.751465
398.624115 1118.204346
425.170380 1118.662964
451.216278 1119.112915
478.271759 1119.580322
504.252380 1120.029175
530.466003 1120.482056
557.385010 1120.947144
583.865295 1121.404541
610.423584 1121.863403
636.816406 1122.319336
663.540039 1122.781128
690.126892 1123.240356
716.746887 1123.700317
743.422607 1124.161133
770.469238 1124.628418
797.386841 1125.093384
824.281555 1125.558105
851.526611 1126.028809
878.442871 1126.493774
903.593750 1126.928345
929.519409 1127.376221
84.084137 1087.101318
110.127502 1087.464111
135.198593 1087.813354
161.415726 1088.178589
187.825119 1088.546387
214.288254 1088.915039
240.567047 1089.281128
266.968323 1089.648926
293.267792 1090.015259
320.054535 1090.388428
346.147430 1090.751953
372.546570 1091.119629
398.785736 1091.485229
425.302673 1091.854614
451.370789 1092.217773
478.385651 1092.593994
504.379974 1092.956177
530.615417 1093.321655
557.507141 1093.696289
583.976196 1094.064941
610.527527 1094.434814
636.949585 1094.802856
663.632263 1095.174561
690.216248 1095.544922
716.878906 1095.916382
743.537109 1096.287720
770.583435 1096.664429
797.467957 1097.038940
824.395081 1097.414062
851.604675 1097.793091
878.548828 1098.168457
903.742981 1098.519409
929.672119 1098.880615
84.264404 1059.127808
110.303436 1059.608643
135.365417 1060.071533
161.593552 1060.555908
188.002930 1061.043701
214.467087 1061.532349
240.726593 1062.017334
267.146210 1062.505249
293.416351 1062.990479
320.179840 1063.484741
346.268463 1063.966553
372.681793 1064.454346
398.946320 1064.939453
425.433105 1065.428589
451.521942 1065.910400
478.496185 1066.408447
504.502838 1066.888794
530.758179 1067.373657
557.622925 1067.869873
584.080444 1068.358398
610.624573 1068.848633
637.072876 1069.337158
663.716919 1069.829224
690.297668 1070.320068
716.998169 1070.813232
743.639771 1071.305176
770.684937 1071.804688
797.539429 1072.300659
824.494385 1072.798462
851.672363 1073.300415
878.639954 1073.798340
903.870483 1074.264404
929.801514 1074.743286
84.423676 1034.412842
110.460052 1034.815063
135.514969 1035.202148
161.754166 1035.607422
188.164734 1036.015381
214.631073 1036.424194
240.873993 1036.829590
267.311798 1037.237915
293.555695 1037.643311
320.298309 1038.056396
346.383728 1038.459351
372.811554 1038.867676
399.101562 1039.273682
425.560150 1039.682373
451.670288 1040.085693
478.605530 1040.501709
504.625305 1040.903687
530.901611 1041.309570
557.740112 1041.724121
584.186829 1042.132690
610.724243 1042.542603
637.200562 1042.951660
663.805298 1043.362549
690.383301 1043.773071
717.124756 1044.186157
743.749512 1044.597412
770.794312 1045.015137
797.617126 1045.429565
824.603088 1045.846436
851.747070 1046.265625
878.741333 1046.682617
904.013428 1047.072998
929.947693 1047.473633
84.596008 1007.664856
110.628937 1008.086731
135.675583 1008.492615
161.925980 1008.918030
188.337158 1009.346008
214.805115 1009.774963
241.029831 1010.199951
267.486176 1010.628662
293.701843 1011.053528
320.422058 1011.486572
346.503693 1011.909241
372.946106 1012.337708
399.261932 1012.764221
425.690887 1013.192505
451.822357 1013.615967
478.717163 1014.051819
504.749878 1014.473694
531.046936 1014.899841
557.858398 1015.334351
584.293762 1015.762756
610.824158 1016.192688
637.328003 1016.622192
663.893188 1017.052734
690.468140 1017.483398
717.249573 1017.917358
743.857361 1018.348572
770.901428 1018.786865
797.692932 1019.221008
824.708740 1019.658813
851.819458 1020.098145
878.839111 1020.536072
904.150696 1020.946228
930.087646 1021.366577
84.755829 982.861572
110.786133 983.201172
135.825714 983.527832
162.087234 983.870483
188.499619 984.215027
214.969788 984.560364
241.177887 984.902283
267.652496 985.247681
293.841827 985.589355
320.541077 985.937683
346.619507 986.277954
373.076508 986.623108
399.417969 986.966736
425.818634 987.311218
451.971527 987.652405
478.827118 988.002747
504.873016 988.342529
531.191162 988.685913
557.976257 989.035400
584.400757 989.380127
610.924438 989.726135
637.456482 990.072327
663.982117 990.418335
690.554321 990.765015
717.376953 991.114990
743.967834 991.461914
771.011536 991.814697
797.771179 992.163818
824.818237 992.516663
851.894714 992.869934
878.941284 993.222778
904.294678 993.553589
930.234924 993.891968
84.928436 956.079834
110.955017 956.468811
135.986176 956.842957
162.258698 957.235596
188.671494 957.630371
215.143066 958.026062
241.332870 958.417480
267.825714 958.813416
293.986877 959.204468
320.663757 959.603149
346.738281 959.992859
373.209564 960.388550
399.576355 960.782593
425.947601 961.176758
452.121399 961.567932
478.937012 961.968750
504.995483 962.358215
531.333862 962.751892
558.092285 963.151794
584.505554 963.546570
611.022217 963.942871
637.581055 964.339844
664.067871 964.735718
690.637085 965.132812
717.498474 965.534302
744.072693 965.931519
771.115540 966.335693
797.844666 966.735168
824.920593 967.139832
851.964722 967.544067
879.035767 967.948669
904.427246 968.328186
930.369873 968.715942
85.093597 930.450989
111.117126 930.803589
136.140732 931.142700
162.424377 931.498779
188.838120 931.856689
215.311630 932.215393
241.484131 932.570007
267.995361 932.929199
294.129364 933.283325
320.784668 933.644470
346.855743 933.997742
373.341583 934.356567
399.734039 934.714172
426.076447 935.071106
452.271576 935.426025
479.047485 935.788818
505.119049 936.142090
531.478333 936.499207
558.210144 936.861450
584.612366 937.219177
611.122131 937.578369
637.708801 937.938599
664.156189 938.296936
690.722473 938.656860
717.624451 939.021362
744.181824 939.381226
771.224121 939.747620
797.921631 940.109375
825.028137 940.476624
852.038513 940.842590
879.135803 941.209717
904.567993 941.554321
930.513550 941.905884
85.264282 903.965576
111.284332 904.333557
136.299820 904.687317
162.594589 905.059143
189.008957 905.432678
215.484100 905.807068
241.638596 906.176880
268.168213 906.552063
294.274261 906.921204
320.907379 907.297852
346.974701 907.666443
373.475037 908.041199
399.893127 908.414795
426.206146 908.786865
452.422485 909.157593
479.158295 909.535706
505.242706 909.904541
531.622559 910.277588
558.327637 910.655212
584.718567 911.028442
611.221375 911.403198
637.835449 911.779541
664.243469 912.153015
690.806763 912.528625
717.748535 912.909607
744.289001 913.284912
771.330627 913.667297
797.997009 914.044434
825.133240 914.428162
852.110474 914.809631
879.233093 915.193176
904.704590 915.553345
930.652832 915.920288
85.428986 878.405151
111.445953 878.746399
136.453842 879.074341
162.759659 879.419373
189.174896 879.765808
215.651901 880.113037
241.789108 880.455811
268.336945 880.804016
294.415955 881.146057
321.027588 881.495056
347.091431 881.836853
373.606171 882.184631
400.049713 882.531433
426.334045 882.876160
452.571503 883.220276
479.267914 883.570374
505.365204 883.912659
531.765747 884.258911
558.444397 884.608765
584.824341 884.954773
611.320312 885.302246
637.961853 885.651672
664.330811 885.997498
690.891296 886.345825
717.873108 886.699707
744.396851 887.047546
771.437866 887.402222
798.073059 887.751526
825.239441 888.107788
852.183289 888.461182
879.331726 888.817200
904.843384 889.151794
930.794556 889.492188
85.595612 852.547180
111.609406 852.873657
136.609512 853.187500
162.926407 853.517822
189.342438 853.849365
215.821259 854.181763
241.940948 854.509583
268.507080 854.843079
294.558746 855.170044
321.148651 855.503784
347.208923 855.830933
373.738129 856.163940
400.207184 856.496155
426.462585 856.825684
452.721252 857.155334
479.377991 857.489868
505.488190 857.817627
531.909424 858.149292
558.561462 858.483826
584.930359 858.814819
611.419434 859.147278
638.088562 859.482056
664.418274 859.812500
690.975830 860.145874
717.997681 860.485046
744.504578 860.817749
771.545044 861.157166
798.148987 861.491089
825.345398 861.832458
852.255981 862.170227
879.430115 862.511353
904.981689 862.832092
930.935669 863.157837
85.763794 826.449707
111.774292 826.766052
136.766556 827.069946
163.094604 827.390137
189.511414 827.711426
215.992035 828.033447
242.094040 828.350830
268.678589 828.674133
294.702667 828.990662
321.270630 829.313721
347.327301 829.630615
373.871063 829.953430
400.365814 830.275635
426.592072 830.594543
452.872009 830.914185
479.488800 831.237854
505.611938 831.555542
532.053955 831.877075
558.679321 832.200867
585.036987 832.521423
611.519165 832.843506
638.215881 833.168152
664.506165 833.487854
691.060791 833.810791
718.122864 834.139893
744.612915 834.462036
771.652710 834.790894
798.225220 835.114014
825.451843 835.445129
852.328979 835.771973
879.528870 836.102783
905.120544 836.414001
931.077332 836.729675
85.928009 800.964478
111.935516 801.251343
136.920166 801.526855
163.259232 801.817322
189.676941 802.108643
216.159424 802.400757
242.244217 802.688416
268.846954 802.981812
294.844055 803.268494
321.390594 803.561279
347.443817 803.848572
374.001953 804.141479
400.522125 804.433960
426.719727 804.722839
453.020813 805.012878
479.598236 805.306030
505.734314 805.594238
532.196960 805.886047
558.795959 806.179443
585.142700 806.469971
611.617981 806.761963
638.342285 807.056702
664.593506 807.346191
691.145203 807.638977
718.247375 807.937866
744.720642 808.229858
771.759888 808.528076
798.301270 808.820740
825.558044 809.121338
852.401794 809.417358
879.627502 809.717651
905.259399 810.000305
931.219116 810.286621
86.094818 775.081543
112.098999 775.370789
137.075775 775.648682
163.425812 775.941772
189.844208 776.235718
216.328384 776.530334
242.395599 776.820312
269.016449 777.116455
294.986237 777.405396
321.511078 777.700439
347.560638 777.990295
374.133087 778.285889
400.678497 778.581177
426.847321 778.872314
453.169312 779.165161
479.707336 779.460388
505.856110 779.751282
532.339172 780.045898
558.911743 780.341492
585.247437 780.634460
611.715942 780.928955
638.467285 781.226562
664.679749 781.518127
691.228577 781.813477
718.370117 782.115417
744.826782 782.409790
771.865356 782.710571
798.375916 783.005493
825.662170 783.309021
852.473145 783.607300
879.723999 783.910461
905.395020 784.196045
931.357422 784.484863
86.262299 749.088989
112.263306 749.357788
137.232330 749.615967
163.593536 749.888550
190.012787 750.161682
216.498810 750.435547
242.548431 750.704834
269.187744 750.980286
295.130035 751.248474
321.632996 751.522461
347.679016 751.791809
374.266052 752.066650
400.837250 752.341370
426.976929 752.611694
453.320282 752.884033
479.818359 753.157959
505.980164 753.428467
532.484070 753.702515
559.029907 753.976929
585.354492 754.249146
611.816040 754.522705
638.595215 754.799561
664.768066 755.070190
691.313965 755.344666
718.495972 755.625671
744.935669 755.899048
771.973694 756.178589
798.452637 756.452393
825.769348 756.734802
852.546692 757.011658
879.823547 757.293701
905.534973 757.559509
931.500244 757.827942
86.426788 723.565796
112.424652 723.808594
137.386108 724.041687
163.758347 724.287964
190.178452 724.534668
216.666351 724.782043
242.698715 725.025146
269.356201 725.274048
295.271484 725.516052
321.752991 725.763306
347.795532 726.006531
374.396942 726.254944
400.993530 726.503296
427.104584 726.747131
453.469025 726.993286
479.927734 727.240417
506.102417 727.484863
532.627014 727.732544
559.146484 727.980164
585.460022 728.225891
611.914795 728.472961
638.721375 728.723267
664.855225 728.967285
691.398254 729.215210
718.620300 729.469360
745.043274 729.716125
772.080688 729.968628
798.528503 730.215576
825.875305 730.470947
852.619385 730.720703
879.921997 730.975647
905.673462 731.216125
931.641663 731.458618
86.593567 697.679504
112.588196 697.917786
137.541824 698.146545
163.925079 698.388306
190.345932 698.630493
216.835556 698.873291
242.850357 699.111816
269.526031 699.356323
295.413971 699.593567
321.873749 699.836121
347.912720 700.074768
374.528473 700.318726
401.150452 700.562744
427.232605 700.801819
453.618103 701.043701
480.037292 701.285828
506.224762 701.525879
532.769836 701.769165
559.262878 702.012024
585.565369 702.253113
612.013245 702.495544
638.847168 702.741455
664.942017 702.980713
691.482117 703.223938
718.743835 703.473816
745.150085 703.715881
772.186890 703.963684
798.603699 704.205811
825.980286 704.456726
852.691284 704.701599
880.019287 704.952087
905.810242 705.188477
931.781189 705.426514
86.758942 672.011963
112.750610 672.215454
137.696594 672.410706
164.090988 672.617310
190.512772 672.824097
217.004318 673.031494
243.001801 673.234985
269.695862 673.443909
295.556610 673.646362
321.994781 673.853271
348.030273 674.057068
374.660614 674.265503
401.308258 674.474121
427.361542 674.678040
453.768402 674.884766
480.147858 675.091187
506.348389 675.296265
532.914368 675.504272
559.380737 675.711426
585.672180 675.917236
612.113220 676.124207
638.974976 676.334473
665.030334 676.538391
691.567566 676.746094
718.869812 676.959839
745.259155 677.166382
772.295410 677.377991
798.680664 677.584534
826.087830 677.799072
852.765076 678.007874
880.119263 678.221985
905.950928 678.424194
931.924866 678.627502
86.926178 646.066833
112.914551 646.261658
137.852707 646.448608
164.258179 646.646606
190.680725 646.844727
217.174042 647.043335
243.153931 647.238159
269.866272 647.438477
295.699615 647.632141
322.115997 647.830200
348.147888 648.025391
374.792664 648.225159
401.465820 648.425171
427.490143 648.620300
453.918152 648.818481
480.257904 649.015991
506.471313 649.212463
533.057922 649.411804
559.497742 649.610107
585.778137 649.807129
612.212219 650.005310
639.101379 650.206909
665.117615 650.401978
691.651917 650.600952
718.994080 650.805969
745.366699 651.003662
772.402283 651.206360
798.756409 651.403931
826.193481 651.609680
852.837524 651.809448
880.217285 652.014771
906.088623 652.208740
932.065430 652.403503
87.090271 620.601868
113.075485 620.785278
138.005981 620.961304
164.422333 621.147705
190.845642 621.334290
217.340714 621.521362
243.303360 621.704590
270.033691 621.893311
295.840088 622.075562
322.235107 622.261841
348.263489 622.445557
374.922455 622.633728
401.620697 622.822266
427.616577 623.005737
454.065369 623.192505
480.366119 623.378174
506.592194 623.563293
533.199097 623.751099
559.612854 623.937500
585.882263 624.123047
612.309631 624.309570
639.225830 624.499634
665.203552 624.682983
691.734924 624.870239
719.116394 625.063599
745.472473 625.249634
772.507507 625.440491
798.830933 625.626282
826.297485 625.820190
852.908813 626.008057
880.313782 626.201538
906.224426 626.384399
932.203918 626.567871
87.250290 595.767761
113.232483 595.934387
138.155518 596.094177
164.582535 596.263672
191.006638 596.433044
217.503464 596.603027
243.449280 596.769409
270.197205 596.940918
295.977356 597.106201
322.351501 597.275330
348.376465 597.442139
375.049347 597.613281
401.772156 597.784546
427.740204 597.951172
454.209412 598.120850
480.472015 598.289185
506.710510 598.457520
533.337341 598.628174
559.725525 598.797485
585.984314 598.965820
612.405029 599.135254
639.347778 599.307983
665.287720 599.474365
691.816345 599.644409
719.236389 599.820312
745.576294 599.989136
772.610718 600.162537
798.904053 600.331116
826.399597 600.507446
852.978821 600.677856
880.408630 600.853760
906.357727 601.020142
932.339966 601.186768
