1366.500000 994.500000
1402.500000 994.500000
1438.158447 995.821594
1475.000000 996.500000
1511.310913 997.209656
1546.537231 998.970520
1583.500000 999.000000
1619.120239 1000.328003
1654.177856 1000.635681
1691.466187 1001.462158
1727.272461 1002.163025
1763.242920 1002.561462
1799.500000 1003.500000
1834.069580 1003.608582
1871.000000 1004.000000
1908.000000 1004.000000
1942.953613 1005.252991
1978.003540 1005.968445
2014.967651 1006.088562
2051.000000 1007.000000
2087.500000 1007.500000
2122.524658 1008.560669
2159.000000 1008.500000
2194.254639 1008.552917
2231.000000 1009.000000
2267.500000 1007.500000
2303.500000 1010.500000
2337.547363 1009.915039
2374.000000 1010.000000
1364.901489 1030.053467
1402.500000 1031.000000
1437.003296 1031.531372
1474.500000 1032.000000
1510.000000 1033.000000
1546.500000 1034.000000
1584.000000 1033.500000
1620.000000 1036.000000
1654.048218 1035.578857
1690.500000 1035.500000
1728.382446 1036.948730
1762.566284 1038.109131
1800.500000 1037.500000
1834.751709 1038.846069
1872.500000 1038.500000
1906.104248 1040.299561
1942.792480 1041.089233
1978.000000 1040.000000
2014.000000 1042.000000
2050.575195 1041.432251
2088.000000 1041.500000
2123.000000 1043.000000
2158.134766 1044.234741
2195.000000 1044.000000
2230.500000 1044.000000
2265.910156 1043.506592
2302.089844 1045.185303
2338.500000 1045.000000
2373.592285 1045.499878
1363.500000 1065.000000
1401.000000 1066.000000
1436.080322 1066.932495
1473.076172 1067.091064
1509.059204 1067.454590
1546.000000 1068.500000
1581.500000 1069.000000
1617.225708 1070.456909
1655.500000 1072.000000
1691.000000 1071.500000
1726.304077 1072.542480
1762.452148 1073.520386
1798.017090 1074.007568
1835.500000 1074.000000
1871.000000 1075.500000
1907.500000 1075.000000
1944.000000 1077.000000
1977.225098 1076.189575
2014.500000 1077.000000
2052.000000 1076.000000
2086.269287 1077.506348
2121.332275 1078.175171
2158.500000 1078.000000
2193.500000 1079.500000
2229.000000 1078.000000
2267.000000 1079.000000
2303.500000 1081.000000
2338.500000 1080.000000
2374.500000 1080.000000
1364.000000 1099.500000
1399.500000 1101.500000
1435.000000 1103.000000
1471.184326 1103.411743
1506.966675 1103.527100
1545.500000 1105.000000
1581.155273 1105.561890
1618.000000 1106.500000
1653.523071 1107.050781
1691.000000 1108.500000
1726.153198 1108.281372
1763.500000 1110.000000
1799.500000 1108.000000
1834.500000 1110.000000
1870.484741 1110.536743
1905.221924 1111.178467
1942.000000 1111.500000
1978.500000 1112.000000
2015.000000 1112.000000
2050.500000 1112.500000
2086.037109 1113.499146
2123.000000 1114.000000
2159.000000 1113.500000
2195.000000 1114.500000
2231.500000 1113.500000
2266.477051 1114.199951
2302.000000 1116.500000
2338.500000 1115.500000
2376.000000 1115.000000
1362.069580 1134.203735
1397.500000 1137.500000
1434.026001 1137.758301
1470.458984 1138.880005
1507.654297 1139.166870
1543.448364 1140.005249
1580.422607 1140.443359
1616.790649 1142.250854
1651.015625 1142.556274
1689.109009 1143.425171
1725.294434 1143.427612
1761.458984 1144.498413
1797.500000 1144.500000
1833.500000 1145.500000
1870.500000 1146.000000
1906.500000 1146.000000
1940.025513 1147.163208
1978.500000 1147.500000
2015.000000 1148.000000
2051.000000 1148.000000
2086.213135 1148.225708
2123.000000 1149.000000
2158.500000 1149.500000
2196.000000 1148.500000
2231.500000 1151.500000
2267.000000 1150.000000
2303.000000 1150.500000
2339.500000 1150.000000
2374.500000 1150.000000
1362.000000 1171.000000
1398.500000 1173.500000
1433.228149 1173.864990
1470.000000 1174.500000
1507.500000 1174.500000
1543.500000 1176.000000
1579.351807 1176.888306
1614.018188 1177.619873
1652.000000 1178.000000
1689.500000 1178.500000
1725.207153 1179.836792
1762.000000 1180.500000
1798.000000 1180.000000
1833.626343 1180.721313
1871.000000 1181.000000
1907.500000 1183.500000
1943.500000 1181.500000
1979.500000 1183.500000
2015.500000 1182.500000
2051.500000 1184.500000
2086.486328 1184.631958
2121.111084 1184.917725
2158.522705 1185.420776
2195.000000 1185.500000
2231.000000 1185.500000
2268.000000 1186.500000
2303.500000 1186.000000
2339.500000 1186.500000
2375.500000 1186.500000
1358.360962 1207.857300
1397.000000 1208.000000
1434.500000 1210.500000
1469.172852 1210.672485
1506.003540 1210.445068
1543.000000 1211.500000
1579.101929 1211.406006
1616.000000 1213.000000
1652.500000 1214.000000
1688.373047 1214.968262
1724.503174 1214.556030
1760.642212 1215.759399
1797.500000 1216.500000
1833.500000 1216.000000
1869.500000 1217.000000
1903.980225 1217.395020
1940.715942 1218.798218
1978.021118 1218.992432
2014.500000 1219.500000
2050.527832 1220.211182
2084.989746 1220.506592
2122.500000 1220.500000
2158.000000 1220.000000
2195.500000 1220.500000
2231.000000 1221.500000
2266.500000 1222.000000
2303.500000 1222.000000
2339.500000 1222.000000
2375.462891 1222.510132
1358.991211 1245.152100
1395.000000 1244.000000
1432.500000 1245.000000
1469.500000 1247.000000
1504.791260 1246.860840
1542.500000 1248.000000
1579.000000 1248.000000
1614.772583 1248.823730
1651.328247 1249.780640
1689.000000 1251.500000
1723.506836 1250.529419
1759.999634 1251.766113
1796.405518 1252.335449
1834.000000 1253.000000
1869.019165 1253.116699
1906.500000 1254.500000
1941.897949 1255.947876
1976.247070 1254.784912
2014.500000 1254.500000
2051.500000 1256.500000
2087.000000 1255.000000
2122.353516 1255.483154
2158.619141 1256.418823
2193.135498 1256.858887
2231.000000 1257.000000
2268.500000 1258.500000
2304.000000 1257.500000
2340.500000 1258.000000
2377.000000 1257.500000
1357.166992 1279.492310
1394.300049 1281.088745
1430.500000 1280.500000
1467.258545 1281.851562
1504.815796 1281.227173
1541.500000 1283.000000
1577.955200 1284.147827
1615.500000 1283.500000
1651.000000 1285.500000
1686.368286 1285.764648
1723.000000 1286.000000
1758.875244 1286.696411
1795.425415 1288.054077
1832.580811 1288.726685
1867.380615 1289.200439
1905.361206 1290.416992
1942.000000 1291.000000
1978.000000 1290.000000
2013.658447 1290.755127
2050.194580 1291.198486
2087.500000 1292.500000
2122.584961 1291.940674
2159.000000 1292.000000
2196.500000 1291.000000
2231.500000 1293.000000
2267.000000 1293.500000
2303.500000 1293.500000
2339.958984 1294.045288
2375.500000 1293.000000
1356.485962 1317.506958
1394.000000 1317.000000
1430.500000 1317.000000
1465.689575 1318.257935
1504.065308 1320.061157
1539.301392 1320.067871
1576.121948 1319.863892
1613.426025 1320.454468
1649.331055 1321.176270
1686.500000 1322.000000
1724.500000 1321.000000
1759.202393 1322.911499
1795.254272 1323.532837
1831.004883 1324.505615
1868.383911 1324.857544
1904.149780 1325.793945
1940.009277 1325.333252
1979.000000 1327.500000
2015.000000 1325.500000
2050.000000 1327.000000
2086.000000 1327.500000
2123.000000 1328.000000
2157.985352 1327.634399
2194.000000 1327.500000
2230.500000 1329.500000
2266.479980 1329.364014
2305.000000 1328.500000
2340.500000 1329.500000
2376.690918 1329.995850
1353.689087 1352.233398
1392.170288 1353.080444
1428.676514 1354.055420
1465.413086 1354.138428
1503.500000 1356.000000
1539.111938 1355.292603
1576.255737 1355.858398
1611.456299 1356.487793
1650.500000 1358.000000
1684.229248 1357.687256
1721.682739 1359.081787
1758.037842 1358.852661
1796.000000 1360.000000
1830.468384 1359.790283
1866.658936 1361.127808
1904.544189 1361.707886
1940.282227 1362.003662
1977.500000 1362.000000
2014.000000 1363.000000
2049.500000 1363.500000
2086.500000 1363.500000
2121.372559 1363.314819
2157.907471 1364.474487
2194.801270 1364.153076
2231.648926 1364.320679
2269.000000 1364.000000
2305.500000 1366.500000
2341.000000 1365.500000
2377.000000 1365.500000
1354.248901 1388.846313
1392.500000 1390.000000
1429.000000 1389.000000
1465.068115 1390.087891
1501.080933 1390.787109
1538.481689 1391.812378
1576.500000 1391.500000
1613.000000 1393.500000
1649.500000 1393.000000
1686.500000 1395.000000
1722.000000 1395.000000
1757.927490 1395.625366
1795.500000 1395.500000
1830.795166 1396.963867
1868.000000 1396.500000
1903.315552 1397.734985
1938.014160 1397.437622
1976.500000 1397.500000
2013.459839 1398.929199
2049.038818 1399.476807
2087.500000 1398.500000
2123.500000 1400.500000
2158.704346 1400.158203
2196.500000 1401.000000
2232.000000 1400.500000
2267.500000 1400.500000
2304.000000 1402.000000
2341.500000 1401.500000
2378.500000 1401.000000
1353.500000 1424.500000
1390.500000 1425.500000
1427.335083 1425.767578
1464.191650 1427.413940
1499.728516 1427.871216
1538.000000 1428.000000
1573.669678 1429.314697
1612.000000 1429.000000
1646.992798 1430.343262
1684.135254 1430.053223
1721.253418 1430.792480
1757.710815 1431.599487
1793.373657 1432.348511
1829.300781 1432.215454
1868.500000 1434.000000
1905.000000 1432.500000
1941.500000 1435.000000
1978.000000 1433.500000
2012.138428 1435.253052
2049.500000 1435.500000
2084.852051 1435.973877
2121.255371 1435.416138
2157.105713 1436.507935
2196.500000 1436.000000
2233.000000 1437.500000
2267.040039 1436.682861
2305.500000 1437.500000
2343.612061 1437.964111
2378.000000 1438.000000
1351.993164 1461.401733
1388.389526 1462.393921
1425.944092 1462.628906
1464.000000 1464.000000
1501.500000 1463.000000
1538.000000 1465.500000
1572.150879 1464.691528
1609.396118 1466.030396
1647.500000 1466.500000
1682.967163 1467.340454
1721.000000 1467.000000
1756.975830 1468.015991
1794.500000 1468.000000
1829.062744 1469.211548
1867.500000 1469.000000
1902.976929 1470.309937
1939.044189 1469.677612
1975.303589 1470.983032
2012.068481 1470.615845
2050.000000 1471.500000
2086.000000 1472.000000
2120.985840 1472.432373
2160.000000 1471.500000
2196.000000 1472.500000
2231.623779 1473.087036
2267.027832 1473.623169
2305.500000 1473.500000
2341.812500 1473.169800
2377.500000 1475.000000
1351.000000 1498.000000
1389.000000 1498.000000
1425.500000 1499.500000
1462.000000 1500.000000
1499.500000 1500.500000
1535.090942 1500.481812
1570.853394 1501.787720
1609.041016 1501.595703
1646.053467 1502.820801
1682.307251 1502.782837
1719.404663 1504.100342
1755.456299 1503.770508
1793.275391 1504.889648
1829.425049 1504.753906
1866.367188 1505.854248
1902.351196 1505.664551
1939.195435 1506.925171
1975.315918 1506.561157
2012.945435 1507.073120
2048.014404 1507.261719
2086.036133 1507.872803
2124.000000 1507.500000
2159.500000 1509.000000
2195.000000 1509.500000
2230.873779 1509.718140
2270.000000 1509.000000
2306.500000 1510.500000
2342.500000 1510.000000
2379.000000 1510.500000
1350.500000 1534.500000
1385.990601 1535.425781
1423.922363 1536.000977
1462.000000 1537.000000
1498.294556 1537.179688
1535.576416 1537.149536
1572.182373 1537.910156
1610.500000 1540.000000
1645.744141 1539.184082
1682.313721 1539.976685
1719.228882 1540.016846
1755.194092 1541.052246
1792.344360 1540.679199
1829.038940 1541.973267
1865.428101 1541.636963
1902.255859 1543.036743
1939.104614 1542.616821
1976.470215 1542.967407
2011.711670 1543.279907
2048.171143 1544.544067
2085.223877 1544.078369
2121.731934 1545.205200
2159.000000 1545.500000
2194.010010 1545.774048
2233.000000 1545.000000
2266.877197 1546.561646
2306.000000 1546.500000
2343.000000 1547.000000
2379.500000 1547.000000
1348.508179 1570.975586
1386.000000 1572.000000
1423.476440 1572.465454
1460.232910 1573.084595
1497.447266 1573.420776
1536.000000 1573.000000
1570.224121 1575.203125
1607.393066 1574.891846
1644.479858 1576.330688
1681.894043 1576.097534
1718.304199 1577.278320
1755.593506 1577.016846
1792.056030 1578.368896
1828.574707 1577.665649
1865.749634 1579.044067
1902.036377 1578.567871
1938.670288 1580.090332
1975.461426 1579.324463
2011.135498 1580.619507
2048.380859 1580.204468
2085.220703 1581.533569
2123.500000 1580.500000
2160.000000 1582.000000
2194.704346 1581.628296
2230.131836 1582.633057
2270.500000 1582.000000
2306.500000 1583.000000
2343.000000 1583.500000
2380.500000 1584.000000
1346.616943 1607.707764
1385.098145 1608.729736
1420.520264 1608.953003
1459.390137 1609.617310
1495.623291 1609.898682
1533.761597 1610.914917
1569.259155 1611.079468
1608.000000 1612.000000
1644.155884 1612.143066
1680.970459 1613.567627
1717.507446 1612.875122
1754.392822 1614.634888
1791.849243 1613.784180
1828.454102 1615.511963
1865.280640 1614.769653
1901.768433 1616.379395
1938.532104 1615.518677
1975.139526 1617.012207
2014.000000 1616.000000
2048.419434 1617.784180
2085.004639 1617.105469
2122.001953 1618.436890
2158.032471 1617.867432
2195.111816 1618.941284
2234.500000 1618.000000
2270.000000 1619.500000
2306.482178 1620.106812
2343.500000 1620.000000
2380.000000 1620.500000
1346.407715 1644.993042
1384.000000 1645.500000
1421.500000 1646.500000
1458.091919 1646.999512
1495.572266 1647.343750
1533.500000 1647.000000
1569.172241 1648.816772
1606.555542 1648.609131
1643.063721 1649.833618
1682.500000 1649.000000
1719.500000 1651.500000
1756.500000 1649.500000
1793.500000 1652.500000
1828.056152 1651.015747
1865.181396 1652.739502
1901.800903 1651.841187
1938.336060 1653.601318
1975.073975 1652.711060
2012.055786 1654.204346
2048.161377 1653.492432
2087.500000 1655.000000
2121.921631 1654.323242
2158.596924 1655.672485
2195.362549 1655.051880
2232.080322 1656.209473
2267.640869 1655.786499
2306.500000 1655.500000
2342.282227 1656.161377
2380.500000 1656.500000
1345.500000 1682.500000
1382.578857 1682.633789
1419.583984 1683.008789
1457.500000 1684.000000
1494.053101 1684.097046
1531.493774 1685.396362
1568.888062 1685.396973
1604.957764 1686.359009
1642.542603 1685.633545
1679.592773 1687.490967
1716.506958 1686.621338
1753.532959 1688.456665
1790.766357 1687.336670
1828.223267 1688.927856
1866.500000 1688.500000
1901.386353 1690.063354
1938.145020 1689.146851
1975.100342 1690.839844
2011.633545 1689.785400
2048.384033 1691.432861
2086.067139 1691.278320
2122.087646 1691.979614
2161.500000 1691.000000
2198.000000 1693.000000
2235.000000 1692.000000
2271.500000 1693.500000
2307.500000 1693.500000
2343.500000 1692.500000
2380.500000 1694.500000
1344.275024 1718.681396
1381.082031 1720.187500
1419.273682 1719.927490
1456.275635 1721.506104
1493.770386 1720.968628
1530.104614 1721.568237
1567.553589 1723.047852
1604.636719 1722.391602
1641.987183 1723.906250
1680.055664 1724.071289
1716.386353 1724.965332
1753.338989 1724.114502
1790.392456 1725.799927
1827.513794 1724.978516
1864.200806 1726.703979
1901.130615 1725.583374
1938.064453 1727.527710
1974.942993 1726.315186
2012.056885 1727.981079
2051.000000 1727.500000
2088.000000 1729.000000
2124.500000 1727.500000
2158.874512 1729.345093
2197.500000 1729.500000
2234.000000 1729.000000
2271.000000 1730.000000
2309.500000 1731.000000
2346.000000 1730.000000
2383.000000 1731.500000
