1322.000000 1683.000000
1360.000000 1684.000000
1398.000000 1684.500000
1435.567505 1686.123413
1474.119263 1686.649170
1512.000000 1687.000000
1549.500000 1688.000000
1587.804688 1688.286743
1625.309692 1687.915527
1663.000000 1690.000000
1700.500000 1690.500000
1738.500000 1691.000000
1776.000000 1692.000000
1813.000000 1692.500000
1850.500000 1692.500000
1889.686890 1694.715088
1926.000000 1694.000000
1963.000000 1694.500000
2002.170776 1694.032104
2038.500000 1695.000000
2077.133301 1694.563232
2112.502197 1696.574829
2149.500000 1695.500000
2187.500000 1697.000000
2226.036621 1697.512207
2263.227539 1697.192749
2302.000000 1698.500000
2338.505127 1696.987305
2376.772705 1696.575073
1320.484863 1722.392456
1359.500000 1723.000000
1398.477905 1723.046875
1435.500000 1724.500000
1473.000000 1725.500000
1511.500000 1726.500000
1549.500000 1726.500000
1586.500000 1726.500000
1625.000000 1728.000000
1662.742920 1728.579102
1698.813232 1729.071289
1738.338257 1727.600342
1776.516235 1732.018311
1812.500000 1730.500000
1851.924072 1732.534180
1887.500000 1731.500000
1925.500000 1732.500000
1964.105591 1731.118286
2001.000000 1733.000000
2038.063965 1734.065918
2074.500000 1735.000000
2113.246826 1735.224243
2151.000000 1734.500000
2188.000000 1735.000000
2225.000000 1735.500000
2263.000000 1735.500000
2300.500000 1736.000000
2337.935547 1736.007202
2375.436279 1735.958374
1320.752930 1760.040771
1359.000000 1761.500000
1397.000000 1762.000000
1434.569702 1763.490234
1472.500000 1763.500000
1511.624146 1766.359619
1548.500000 1765.500000
1586.506104 1766.025269
1624.176758 1766.894165
1662.000000 1767.500000
1700.790039 1766.374634
1737.500000 1768.500000
1774.853638 1769.403687
1812.365967 1769.609619
1849.990479 1770.280396
1887.500000 1771.000000
1923.891602 1772.489868
1962.500000 1772.000000
2000.492432 1772.461670
2037.426025 1772.538086
2075.500000 1773.500000
2112.500000 1773.500000
2150.500000 1774.000000
2189.306396 1775.173218
2225.412598 1774.471313
2263.000000 1774.500000
2300.500000 1774.500000
2337.500000 1775.000000
2375.500000 1775.000000
1320.000000 1798.500000
1359.432007 1799.156494
1397.000000 1801.500000
1434.500000 1802.000000
1473.000000 1802.500000
1510.000000 1803.500000
1548.500000 1804.500000
1585.958008 1805.458740
1623.500000 1806.000000
1661.500000 1806.000000
1699.500000 1807.000000
1736.500000 1807.000000
1775.690186 1809.137085
1812.353149 1808.832031
1849.519897 1809.038574
1887.500000 1809.500000
1924.500000 1810.500000
1962.500000 1810.500000
2000.500000 1810.500000
2037.500000 1811.500000
2075.000000 1811.500000
2112.500000 1812.000000
2151.448486 1814.047241
2187.500000 1812.500000
2225.500000 1812.500000
2262.500000 1813.000000
2299.988525 1813.496582
2338.041992 1813.459473
2372.968018 1813.252075
1319.599121 1838.991333
1357.500000 1839.500000
1395.757812 1839.839966
1431.182251 1840.568359
1473.305786 1840.494263
1508.717651 1841.282593
1547.508179 1843.187622
1584.247437 1843.399536
1623.626709 1844.734253
1661.814453 1846.620605
1697.510010 1846.958740
1736.500000 1846.500000
1774.500000 1847.000000
1811.000000 1848.000000
1848.500000 1847.000000
1887.000000 1848.500000
1924.500000 1848.500000
1962.575684 1849.022705
2000.814941 1848.905640
2038.605957 1851.499756
2076.431396 1849.413940
2113.000000 1850.500000
2149.166016 1853.446777
2187.500000 1851.500000
2224.500000 1851.000000
2262.500000 1852.000000
2300.500000 1852.500000
2338.000000 1852.000000
2375.500000 1853.000000
1318.500000 1877.500000
1355.779297 1879.629272
1396.297485 1880.367798
1433.500000 1880.000000
1471.500000 1880.500000
1509.000000 1881.000000
1547.500000 1882.000000
1585.000000 1882.500000
1623.000000 1883.500000
1660.493042 1883.997925
1698.500000 1884.500000
1736.000000 1885.000000
1772.500000 1886.500000
1811.000000 1886.000000
1850.000000 1886.000000
1887.735718 1886.060791
1924.488892 1887.421265
1961.500000 1887.500000
1999.556274 1888.533691
2037.586060 1889.021484
2074.500000 1889.500000
2112.500000 1890.000000
2150.000000 1889.500000
2187.500000 1890.500000
2225.000000 1890.500000
2262.514404 1890.527100
2300.500000 1890.500000
2339.257568 1889.707397
2375.135254 1891.319702
1316.183472 1917.946777
1356.500000 1917.500000
1394.936401 1918.566895
1433.976562 1920.008911
1470.500000 1920.000000
1508.500000 1920.500000
1546.500000 1921.000000
1584.467651 1921.490845
1622.508423 1922.596436
1660.500000 1923.000000
1698.000000 1923.500000
1735.421387 1923.975220
1773.593384 1924.489014
1812.500000 1924.000000
1848.500000 1925.000000
1886.595215 1926.023682
1923.643799 1926.989136
1961.527222 1926.979004
1999.517456 1927.549316
2037.000000 1927.500000
2074.500000 1928.000000
2112.000000 1928.500000
2148.297852 1929.979492
2187.259521 1928.738647
2224.500000 1928.500000
2262.316406 1929.134521
2300.435547 1930.071289
2338.000000 1929.500000
2375.010986 1929.646484
1316.494995 1955.515137
1355.831787 1956.917725
1393.737305 1957.237549
1431.819946 1957.708984
1469.685547 1958.676270
1508.228760 1959.590210
1546.000000 1960.000000
1585.544678 1960.064697
1621.500000 1961.500000
1659.500000 1962.000000
1697.000000 1962.500000
1735.508301 1963.005127
1774.220947 1964.664673
1810.481079 1964.084473
1848.000000 1965.000000
1887.462891 1964.002563
1924.000000 1965.500000
1961.500000 1965.500000
1999.000000 1966.500000
2037.853027 1965.190430
2075.560059 1968.143677
2112.000000 1967.500000
2149.470215 1967.591187
2187.500000 1968.000000
2225.500000 1967.500000
2262.500000 1968.500000
2299.000000 1969.000000
2337.000000 1967.500000
2375.500000 1969.000000
1316.500000 1995.000000
1355.000000 1995.500000
1393.000000 1996.000000
1431.500000 1997.000000
1469.500000 1998.000000
1507.500000 1998.500000
1545.568359 1998.966797
1583.585693 1999.526489
1622.652588 1998.926147
1660.000000 2000.500000
1696.453003 2003.779785
1735.712646 2003.268555
1772.837524 2002.477173
1811.000000 2002.500000
1849.000000 2004.500000
1885.629883 2003.657227
1923.633789 2004.112793
1960.993042 2004.594604
1998.500000 2005.000000
2036.170410 2005.329712
2074.415527 2005.975586
2111.347412 2006.199829
2149.313477 2006.445435
2187.077148 2006.528809
2225.819824 2005.056763
2262.000000 2007.000000
2301.000000 2008.000000
2339.000000 2006.500000
2375.500000 2007.500000
1315.500000 2034.000000
1354.363892 2034.807129
1392.485840 2035.592773
1430.500000 2036.000000
1468.942139 2036.725586
1507.000000 2037.500000
1545.770630 2039.863403
1582.500000 2038.000000
1622.380493 2040.356079
1658.500000 2039.000000
1697.953857 2041.455444
1733.262573 2041.772217
1771.106689 2040.536499
1810.500000 2042.000000
1847.756958 2042.340332
1884.554443 2043.783569
1923.466919 2043.336060
1961.000000 2043.500000
1998.530884 2043.957275
2036.540894 2043.999878
2075.061035 2046.080688
2111.500000 2044.500000
2149.359619 2045.159424
2186.500000 2045.000000
2225.000000 2045.500000
2262.500000 2046.500000
2300.500000 2046.000000
2338.231201 2046.891479
2376.500000 2046.000000
1315.032959 2072.459961
1353.500000 2074.000000
1391.500000 2074.500000
1429.500000 2075.500000
1469.864014 2075.264160
1506.500000 2076.500000
1544.500000 2077.000000
1583.645264 2078.950928
1620.500000 2078.000000
1659.658081 2079.872314
1697.000000 2080.500000
1733.935791 2079.778809
1771.140747 2081.645508
1809.534302 2080.974365
1847.053345 2083.952637
1886.693359 2082.915283
1921.969604 2083.510986
1962.016602 2083.760254
1998.500000 2083.000000
2037.176636 2084.519287
2074.756104 2082.314209
2112.000000 2083.500000
2149.500000 2084.500000
2187.000000 2084.500000
2224.535156 2084.541748
2262.500000 2084.500000
2300.033203 2085.006592
2338.059814 2085.567871
2377.229492 2083.927734
1314.000000 2113.000000
1353.000000 2113.500000
1391.000000 2114.000000
1429.500000 2114.500000
1467.000000 2115.500000
1505.991821 2116.014648
1544.000000 2116.500000
1582.000000 2117.000000
1620.785767 2118.996094
1657.449097 2120.449463
1696.767944 2119.915771
1732.816284 2120.324219
1772.544556 2121.125488
1809.457275 2120.002930
1847.246704 2120.292725
1886.244141 2119.765625
1923.757324 2122.680176
1960.524292 2121.736572
2000.806152 2122.575928
2035.500000 2121.500000
2074.000000 2122.500000
2111.500000 2123.000000
2148.500000 2123.500000
2186.500000 2123.000000
2222.972412 2122.551025
2262.085938 2123.595703
2299.772705 2124.235840
2338.000000 2124.500000
2376.000000 2124.500000
1314.000000 2152.000000
1352.000000 2152.500000
1392.227783 2151.672119
1429.500000 2153.500000
1467.500000 2155.000000
1505.310669 2154.510742
1542.713257 2157.074951
1582.000000 2155.500000
1619.500000 2157.000000
1657.361084 2156.876221
1694.287476 2158.827393
1734.719482 2159.388428
1770.314209 2159.943359
1809.054932 2158.968506
1846.867432 2159.373535
1885.736816 2161.462646
1922.665649 2160.105225
1959.965210 2160.419922
1998.500000 2161.500000
2036.771484 2162.611572
2074.703857 2160.189453
2111.172607 2161.666504
2149.000000 2162.000000
2186.525635 2162.508057
2224.500000 2162.500000
2262.000000 2163.000000
2300.000000 2162.500000
2336.500000 2164.000000
2376.632324 2161.253906
1313.500000 2191.000000
1351.800781 2192.271729
1389.999878 2192.054688
1428.500000 2193.500000
1467.000000 2193.500000
1504.500000 2194.000000
1543.904419 2195.858398
1580.184814 2197.011475
1619.500000 2195.500000
1656.931152 2196.515869
1694.199585 2195.495117
1732.125122 2198.750488
1771.828369 2198.935303
1809.122803 2197.931641
1845.694214 2197.308838
1884.521729 2198.938721
1923.592407 2200.417725
1960.500000 2200.000000
1998.000000 2199.500000
2035.596924 2200.305664
2073.412598 2200.772949
2110.328369 2203.020508
2149.000000 2201.000000
2186.500000 2201.000000
2224.512939 2201.537842
2262.500000 2202.000000
2300.500000 2202.000000
2339.000000 2203.000000
2377.000000 2201.500000
1312.000000 2230.500000
1350.500000 2231.000000
1389.000000 2231.500000
1428.000000 2232.000000
1465.500000 2232.500000
1505.591431 2234.385986
1542.488281 2233.907471
1580.171143 2234.207031
1618.641968 2235.267578
1657.704590 2236.859131
1693.514160 2237.330078
1732.207275 2236.178955
1769.500000 2235.500000
1808.245605 2237.272949
1845.211548 2238.983154
1883.066528 2236.948975
1923.854370 2237.402100
1959.974121 2238.660645
1998.919189 2238.033447
2036.813110 2240.456787
2074.957275 2238.524902
2111.059082 2240.045654
2149.110107 2240.091553
2187.878662 2242.040283
2225.000000 2241.000000
2262.055908 2240.924805
2298.897461 2242.456055
2338.500000 2241.000000
2374.482910 2242.714355
1311.500000 2270.000000
1349.500000 2270.000000
1387.705933 2271.230225
1426.000000 2271.000000
1466.429199 2273.364258
1504.942383 2272.060791
1541.000000 2273.500000
1580.277954 2273.621826
1619.321899 2275.304688
1656.174072 2274.695068
1695.473389 2276.423340
1731.115845 2276.998291
1771.500000 2274.500000
1808.000000 2276.500000
1847.029053 2278.403809
1884.071655 2276.906738
1922.898926 2278.954346
1961.275757 2276.790771
1996.146362 2277.083740
2034.500000 2277.500000
2074.380371 2280.386719
2112.716309 2278.202637
2148.986816 2279.559814
2186.500000 2279.000000
2224.510742 2280.073975
2262.500000 2280.000000
2300.500000 2280.000000
2338.500000 2281.000000
2375.500000 2281.000000
1310.500000 2309.500000
1348.550659 2309.997070
1388.500000 2311.500000
1427.000000 2310.000000
1465.618896 2310.081055
1502.752319 2312.411865
1541.000000 2312.500000
1580.705688 2314.230469
1617.713623 2313.540771
1656.680664 2315.595215
1692.640381 2315.993896
1733.158813 2315.978760
1769.947144 2315.290771
1808.913818 2317.263184
1846.919434 2314.927979
1883.516602 2316.379639
1921.718018 2316.543213
1960.928345 2318.274170
1998.500000 2318.500000
2036.500000 2316.500000
2072.995117 2317.997559
2109.583984 2317.071289
2149.000000 2319.000000
2187.883301 2320.381104
2224.500000 2318.500000
2262.071045 2319.465820
2301.665283 2318.007812
2338.000000 2320.000000
2376.502686 2319.922363
1310.000000 2349.000000
1347.946777 2350.013184
1386.417847 2349.998779
1425.518188 2351.008057
1464.993408 2352.462402
1502.310059 2351.629639
1540.390503 2351.816650
1579.000000 2353.000000
1618.405151 2354.001221
1654.125122 2354.877197
1692.500000 2354.500000
1730.500000 2353.000000
1768.500000 2355.000000
1806.019287 2356.294189
1843.914185 2354.199707
1882.010498 2357.000488
1922.759644 2357.358887
1959.349731 2356.287354
1997.183350 2356.758545
2034.972412 2357.062744
2073.051514 2357.489502
2109.110352 2358.463135
2148.527100 2357.911621
2187.945068 2357.054688
2224.423584 2358.450195
2262.500000 2359.000000
2300.500000 2359.000000
2338.473633 2358.766602
2377.000000 2359.000000
1308.500000 2388.500000
1346.500000 2389.500000
1387.307373 2388.691895
1425.000000 2390.000000
1463.000000 2390.500000
1502.293091 2393.374756
1541.268677 2390.849365
1578.000000 2392.000000
1616.339966 2392.594971
1655.909668 2393.994873
1694.254028 2391.698975
1729.633423 2392.406006
1769.002075 2394.068848
1808.344360 2395.986084
1845.321777 2394.736084
1881.572632 2393.825439
1919.728638 2396.772217
1959.179443 2395.855225
1995.628540 2397.424072
2035.027222 2396.510254
2073.000000 2396.500000
2109.032227 2396.069336
2150.753906 2396.608398
2187.000000 2397.500000
2225.000000 2398.500000
2262.500000 2398.000000
2300.281006 2397.904297
2339.000000 2398.000000
2377.000000 2399.000000
1307.500000 2428.500000
1346.000000 2428.500000
1385.000000 2429.500000
1423.500000 2429.500000
1463.979004 2431.254639
1500.833374 2430.876221
1539.296387 2430.850342
1578.650269 2430.136475
1615.500000 2432.000000
1653.919312 2432.556152
1691.217529 2431.039307
1729.362793 2434.610107
1768.583984 2433.466309
1806.933960 2433.723389
1846.247070 2435.609619
1881.590942 2436.051270
1922.186646 2436.504150
1960.985840 2434.435059
1997.001831 2435.710205
2034.891968 2435.927734
2073.000000 2436.000000
2110.738770 2436.229980
2148.694580 2436.639893
2187.000000 2437.500000
2224.981201 2437.081543
2263.000000 2438.000000
2301.054443 2438.040039
2338.604248 2437.734131
2377.000000 2438.000000
1306.684692 2468.782959
1346.000000 2468.500000
1384.122070 2469.651855
1422.833496 2469.615234
1461.500000 2470.000000
1499.500000 2470.500000
1539.935669 2469.718506
1576.980103 2471.220947
1615.205566 2471.841553
1653.304932 2472.021240
1693.039917 2471.068604
1729.918335 2472.462158
1769.481201 2471.554443
1806.000000 2473.500000
1843.294922 2474.921143
1881.071167 2472.927246
1920.552002 2474.708984
1957.292603 2473.685059
1997.796875 2473.605469
2033.345215 2474.338623
2072.708252 2475.864502
2110.784912 2476.189697
2149.000000 2477.000000
2186.500000 2477.000000
2225.000000 2477.000000
2262.947998 2477.080566
2301.000000 2477.000000
2340.000000 2477.000000
2377.974854 2476.221680
