111.879807 1098.076904
139.039658 1097.449951
165.536850 1097.535889
192.788818 1097.628296
220.351517 1098.042847
245.794525 1096.304443
274.015472 1097.148560
300.148712 1096.885132
328.043121 1095.613525
354.913147 1095.979736
382.290039 1094.671265
409.658447 1094.367554
435.868256 1095.163574
462.790375 1094.911499
489.955078 1094.628418
517.900452 1093.971069
544.429382 1093.361938
570.618530 1093.451416
598.184509 1092.112671
625.811584 1092.146729
652.691101 1091.209229
681.739014 1091.423584
708.456909 1089.947510
733.810913 1091.098389
761.748230 1089.047729
790.074158 1089.428467
817.693237 1087.614258
844.886047 1087.462769
872.970703 1086.602417
111.746170 1124.987549
139.154678 1124.949707
165.609589 1125.036743
193.092468 1124.409668
219.554092 1124.496948
247.068375 1124.221558
273.446533 1124.067505
300.679413 1123.685059
327.848328 1123.413208
354.643738 1122.792725
382.534607 1123.767578
409.021698 1122.600830
436.206757 1122.328735
463.038025 1122.060181
489.856018 1121.439453
517.053589 1121.167236
544.038513 1120.727905
571.410889 1120.484741
599.341736 1119.286133
625.869873 1119.725464
652.013733 1119.463867
681.212830 1118.072266
707.093506 1118.008301
735.459778 1117.923218
762.660461 1116.592896
790.282654 1117.021729
817.144470 1115.386841
843.998413 1114.367065
870.862732 1114.068481
112.502731 1152.276611
138.604843 1153.069946
165.586960 1151.047363
193.817841 1151.523804
219.983749 1151.805298
247.345795 1151.287964
274.128906 1151.372925
301.341614 1150.501709
328.384277 1151.170532
355.155701 1150.616211
381.888214 1150.324097
410.138092 1150.964966
437.100403 1149.099976
462.950897 1149.133301
490.893860 1148.308716
517.753357 1148.929932
544.301331 1148.071655
570.791077 1147.058594
598.380188 1147.098145
625.675964 1146.892334
653.349609 1145.531128
679.592224 1145.252441
707.071411 1145.289795
735.342224 1145.638062
761.373657 1144.836792
788.978699 1143.797974
817.547546 1142.572876
845.136780 1141.833130
872.651184 1141.405396
112.659554 1179.600220
140.095642 1179.679443
166.643753 1178.830078
193.506042 1179.152832
220.906815 1178.532837
247.761978 1179.171143
274.028687 1178.708862
300.331604 1177.399658
327.618439 1178.129272
354.900177 1177.561646
382.518921 1177.942383
409.105194 1177.377197
435.828888 1176.763794
462.808899 1176.364258
490.194977 1176.173340
517.963928 1174.706055
543.892395 1175.348022
570.996521 1174.730469
597.793762 1175.166748
625.621826 1174.191895
653.052673 1174.030029
680.113892 1173.231689
706.989441 1172.688721
734.455139 1172.071167
761.975586 1171.445679
789.498779 1171.524658
815.781860 1170.059082
845.220154 1169.687622
871.769043 1169.135620
112.766296 1206.140015
139.804520 1206.224365
166.845581 1206.308228
193.510910 1206.047119
221.332825 1204.917114
247.708786 1205.479370
274.995972 1205.947510
303.189941 1205.536743
328.301575 1205.056885
354.121216 1204.187622
382.143585 1204.535767
408.771973 1204.289795
436.184021 1204.021484
462.939117 1203.764160
489.934967 1203.146484
517.540039 1203.294067
544.084839 1202.588989
571.751038 1202.902954
598.623718 1201.718994
626.329773 1200.415161
652.749329 1201.204102
679.815857 1200.240723
706.890625 1200.004028
734.705505 1199.004761
761.818787 1198.672363
789.358398 1199.275391
816.445068 1198.010742
843.506775 1197.590332
870.553345 1197.227051
113.277100 1233.289429
140.296692 1233.722046
167.247131 1233.112793
193.870743 1232.854126
220.725052 1232.721069
247.904465 1231.935059
274.851807 1232.415405
301.490570 1232.156738
328.153625 1232.245483
354.519104 1232.693604
382.851532 1231.366577
409.232208 1231.469116
437.026917 1231.806641
463.182129 1230.586426
490.898926 1231.082520
516.874023 1230.065063
543.564087 1230.153687
571.319580 1229.288818
598.656738 1228.574585
625.358093 1228.663208
652.953186 1229.165894
680.332336 1226.837891
706.931885 1227.104004
734.531982 1226.292725
761.306519 1226.298462
788.708557 1225.335693
816.108521 1225.253052
844.097717 1223.520630
871.703064 1223.832397
113.434631 1261.701294
140.360489 1260.096558
167.630508 1260.314697
194.252563 1259.923828
221.256638 1259.960693
247.449219 1259.757568
275.105621 1259.491089
301.999603 1258.990601
328.657440 1258.974854
355.281677 1259.064941
383.325104 1258.042480
409.210693 1258.545166
436.240967 1258.272827
463.137970 1257.678833
489.899170 1257.699707
517.438477 1256.808594
544.840088 1256.339355
571.013489 1255.944946
598.162415 1256.095581
625.124512 1255.782227
652.456543 1255.408081
680.148621 1255.559570
706.784363 1254.302002
734.101074 1253.784546
761.638489 1253.200806
788.870972 1252.803833
816.474304 1251.598022
843.635986 1251.928711
871.774414 1250.768188
113.227943 1287.340942
140.472336 1287.080322
167.318665 1286.831421
195.100464 1286.355835
221.176575 1286.653687
247.385986 1286.847900
275.337219 1286.135742
302.227722 1285.758179
329.330811 1286.819824
356.449036 1285.304932
382.308685 1285.458130
409.251831 1285.546143
436.420044 1284.939209
462.594513 1285.051270
490.102020 1284.329468
517.023682 1284.162964
544.253479 1283.563599
571.760925 1282.824341
598.155029 1283.047974
625.466492 1282.786743
652.754456 1281.834229
680.183838 1281.485229
706.690308 1281.318115
734.437683 1280.374268
761.123474 1280.313110
788.311646 1279.845215
815.653687 1279.583496
843.965698 1278.682007
870.340698 1278.714111
114.093399 1314.230347
140.912277 1313.931641
167.407837 1313.379883
194.989578 1313.462402
221.514175 1313.555054
248.373077 1313.300171
274.882416 1313.048462
302.456238 1312.786865
329.603210 1312.277832
355.896240 1312.614014
382.392273 1312.372681
409.274231 1312.117432
436.178284 1312.206787
462.298798 1310.783447
491.149658 1311.036621
515.381042 1310.790771
544.045593 1310.881958
571.341675 1310.234863
598.577515 1309.349609
624.951965 1309.655640
653.051270 1308.885620
678.652344 1309.216309
706.955688 1308.123535
733.547363 1308.005493
760.796936 1307.646240
788.160461 1307.122925
815.156799 1307.577026
842.874329 1306.230591
870.929077 1305.206787
115.015686 1341.439087
141.023636 1340.446289
167.500259 1340.540283
194.636963 1340.577881
221.850662 1340.371582
248.097641 1340.497559
275.487885 1339.866333
301.959412 1339.617188
328.475250 1340.054077
355.639832 1339.454956
382.482941 1339.220215
409.315186 1338.949585
436.141510 1338.823120
463.006287 1338.443848
490.702942 1339.612793
517.066528 1337.934814
545.041931 1338.435913
571.721680 1336.826416
598.998657 1337.604248
625.706543 1336.049805
652.874939 1336.915527
679.771729 1335.195557
706.266907 1335.460571
734.155090 1334.826782
761.524963 1335.126465
787.956665 1334.342163
815.444397 1333.984375
843.011536 1333.166382
870.039978 1332.891235
114.304314 1367.420776
141.486053 1367.173584
167.897659 1366.926758
195.040421 1367.015259
221.833862 1367.107178
248.960617 1366.853638
275.408020 1366.948853
302.521423 1366.353149
328.955200 1366.106201
356.079224 1366.417480
382.558563 1365.947632
409.374634 1366.039307
436.546173 1366.127930
462.980225 1365.538574
490.693542 1364.311523
517.460144 1366.020386
544.046326 1364.666504
571.266479 1363.841797
598.002502 1363.752808
625.274841 1363.337158
652.122131 1363.428833
679.298950 1362.832275
706.637817 1362.007568
733.350952 1361.996094
761.052856 1361.140625
788.079773 1361.130127
815.825867 1360.172485
842.164124 1360.967407
869.526001 1360.667969
115.204620 1393.723999
141.550751 1395.371704
168.979691 1395.017700
195.065735 1393.665649
222.498169 1393.411133
249.823441 1393.240356
275.989441 1393.256470
302.398651 1393.352661
328.810577 1393.449097
355.909454 1393.197998
383.012451 1392.946777
409.793976 1392.659668
436.860199 1392.106201
463.288879 1392.202515
490.055511 1391.954468
518.245056 1391.205933
544.770142 1392.063843
570.474731 1391.560669
598.746582 1391.462646
624.990540 1390.362061
651.886047 1389.985352
679.083557 1389.721802
706.814880 1390.110596
732.793762 1389.791382
760.724548 1388.420288
788.118713 1387.199829
815.000305 1387.687256
842.891907 1386.682861
869.487305 1386.087891
114.677475 1420.632080
141.752777 1420.703369
168.431046 1420.817749
195.113770 1420.572266
221.778091 1419.986816
249.215012 1420.414673
275.909027 1420.169189
302.626251 1419.926392
329.328766 1420.017822
355.682465 1419.775391
382.742920 1419.526489
410.214325 1420.213867
437.810669 1418.763794
463.396210 1418.740112
490.846222 1417.877075
517.891174 1419.118896
543.923523 1418.254761
570.961304 1417.730713
597.885376 1417.446411
625.574219 1417.817993
651.809570 1417.038940
678.857788 1416.578857
706.639221 1415.454102
733.865723 1416.566040
760.347168 1415.423950
786.739990 1414.229980
815.716919 1414.058228
842.655640 1415.576050
870.011475 1413.513916
115.262840 1447.470459
141.860855 1447.541016
168.497940 1447.297729
194.934082 1447.614258
222.179077 1447.199829
248.826523 1447.242798
275.904327 1446.933716
302.835083 1446.750000
329.143738 1446.510010
356.157898 1446.263550
384.031342 1447.004028
410.171143 1445.105591
436.522217 1445.530029
463.069397 1446.142944
490.244049 1445.440674
516.938232 1445.135620
544.733521 1445.470703
571.024902 1444.642090
597.559631 1444.124512
624.954712 1444.198364
651.817749 1443.674561
678.846741 1443.310913
705.841736 1442.880493
732.804688 1442.857300
760.865417 1443.256714
787.863770 1440.777466
814.630432 1441.370483
842.103699 1441.127319
869.197144 1440.668213
115.023567 1474.131958
141.945328 1473.598633
168.937836 1474.030029
195.538223 1473.824585
222.489456 1473.545044
248.767624 1473.645142
276.787781 1472.324219
302.726868 1473.163208
329.659821 1472.912842
357.152008 1473.689087
382.898773 1472.802246
409.573517 1472.865601
436.890198 1471.062988
463.525452 1472.038940
490.782349 1471.395630
516.509033 1472.573853
544.334595 1470.819092
569.947510 1470.383423
597.535706 1470.977173
623.963013 1469.974487
651.609680 1470.420166
678.728149 1469.999878
706.523743 1469.297485
732.753479 1469.296387
759.612610 1469.921875
787.660767 1468.427979
815.060486 1467.828003
841.572205 1467.745117
869.177246 1467.641724
115.851974 1500.147827
142.100830 1500.585571
169.003693 1500.343994
196.492157 1499.546631
222.463974 1500.210449
249.036865 1499.625122
277.127838 1500.660889
302.987457 1500.189575
330.174255 1499.233398
356.074493 1499.337769
383.026703 1499.432739
409.647461 1499.158936
436.613953 1498.969482
464.205994 1498.421387
490.447205 1498.468262
517.416016 1498.562988
544.674805 1497.306885
570.573059 1498.081543
597.930786 1497.503052
624.525757 1497.565674
650.706421 1496.065918
678.539917 1496.774414
706.508667 1497.527466
732.811951 1496.235962
760.663086 1496.971069
787.942932 1494.747559
815.184082 1495.935059
842.203186 1494.234009
869.113831 1494.531128
114.954079 1526.386841
141.883331 1527.154175
170.389175 1526.511230
195.689529 1527.019531
222.951035 1525.489014
249.042694 1526.870972
276.266815 1526.628540
302.943024 1526.363647
329.744873 1526.816895
356.566528 1525.913330
383.835815 1524.956909
409.671936 1525.776123
436.258759 1526.180298
462.768036 1524.520020
490.699738 1524.468750
517.012695 1524.874146
544.727295 1524.273438
571.542053 1525.516479
597.680298 1524.288208
624.617737 1523.861694
651.469421 1523.916504
678.354126 1523.451904
706.299133 1522.391846
732.710205 1522.898926
760.531372 1521.937622
786.835327 1522.197998
814.682495 1521.181519
841.560181 1521.651733
869.630920 1520.783936
114.436333 1552.945557
142.363037 1553.632690
169.529480 1553.392456
196.025833 1553.493164
222.502853 1553.259277
249.379486 1553.358154
276.514038 1552.781982
302.275513 1553.352295
329.515167 1552.648438
355.278137 1552.807373
383.078766 1552.272705
409.730133 1552.274658
437.203125 1552.954712
463.418365 1552.082520
490.186340 1551.581421
517.815491 1551.109375
543.786926 1551.194092
571.482910 1550.613403
597.517517 1550.963135
624.286987 1550.960815
651.238159 1550.476196
678.115662 1549.903687
704.699097 1550.674316
732.554443 1549.686646
760.493591 1550.112549
786.642029 1549.302124
813.270325 1548.038574
841.310303 1548.463501
868.672119 1548.232056
115.373810 1580.268555
143.089569 1580.692383
168.921692 1579.799194
195.398911 1580.234741
222.137405 1579.333008
250.267807 1580.697632
277.599670 1579.033569
303.211487 1580.116943
329.853088 1579.424805
356.172974 1579.159546
383.589539 1578.238770
409.846436 1578.688721
436.629364 1579.130859
463.767426 1578.216797
490.667480 1577.365356
516.941223 1577.884399
543.694092 1577.840332
570.743286 1577.613525
597.496155 1577.535034
624.252136 1577.273071
652.033813 1576.316650
678.126221 1577.006836
706.301514 1576.055176
732.368530 1576.151367
759.544128 1576.106079
786.716370 1575.631226
814.512390 1575.164795
841.087708 1575.063354
868.595398 1574.993896
114.826553 1605.792114
142.647186 1606.678833
169.033340 1606.449341
196.510239 1606.875854
223.649582 1606.923950
249.609879 1604.505249
275.700378 1606.187744
302.799591 1605.952393
329.902802 1605.716675
356.642822 1605.585449
384.222504 1606.155029
409.876129 1605.322388
436.426575 1605.035522
463.378113 1605.196655
489.509827 1604.995483
517.713928 1604.014648
543.425659 1604.526978
571.244995 1603.691772
596.690613 1604.730103
624.206787 1604.096191
650.428589 1602.743652
678.119263 1603.368530
706.189758 1603.976440
732.283264 1603.154541
758.573914 1603.323730
787.160583 1601.852905
813.591370 1602.179810
841.112549 1602.277100
868.329224 1601.756836
115.729218 1632.836670
142.701080 1632.567139
169.121597 1632.683716
196.834610 1632.113037
223.666412 1633.871460
249.587585 1632.321655
276.027069 1632.421631
303.091980 1632.182129
329.411774 1632.296997
356.477692 1631.869507
382.907898 1631.861328
410.115814 1631.536133
436.303680 1631.375732
463.053833 1631.477173
489.789948 1631.246826
516.757812 1631.013794
543.418945 1631.142578
570.384277 1630.884277
597.859619 1631.311279
624.571594 1630.085327
651.772583 1629.613159
678.145569 1629.964111
705.184937 1629.967285
732.341370 1629.488770
759.038635 1630.138916
787.264709 1628.351440
813.765137 1628.770630
840.856201 1628.553833
868.079041 1628.547241
