766.028076 1744.158081
792.753967 1743.964600
818.852600 1743.775635
845.646790 1743.581543
872.002197 1743.390747
898.963989 1743.195557
926.058472 1742.999390
952.417236 1742.808594
979.152710 1742.614990
1006.014587 1742.420532
1032.348267 1742.229858
1058.499512 1742.040527
1084.994873 1741.848633
1111.395996 1741.657471
1137.688232 1741.467163
1164.375000 1741.273926
1190.725830 1741.083130
1216.953857 1740.893311
1243.140747 1740.703735
1269.196899 1740.515015
1295.743408 1740.322754
1322.059692 1740.132324
1348.031372 1739.944214
1374.429077 1739.753052
1400.768677 1739.562500
1426.682495 1739.374756
1452.832642 1739.185547
1479.207520 1738.994507
1505.004639 1738.807739
1531.398926 1738.616699
1557.300293 1738.429077
1583.113403 1738.242188
1608.243286 1738.060303
765.938904 1717.808838
792.670776 1717.636963
818.734070 1717.469360
845.551025 1717.296997
871.943054 1717.127319
898.927063 1716.953857
926.001099 1716.779785
952.392151 1716.610107
979.127075 1716.438232
1005.983765 1716.265503
1032.349243 1716.096069
1058.531006 1715.927734
1085.042480 1715.757324
1111.461792 1715.587402
1137.752930 1715.418457
1164.438599 1715.246826
1190.799683 1715.077393
1217.054199 1714.908569
1243.261230 1714.740112
1269.332397 1714.572510
1295.886475 1714.401855
1322.218994 1714.232422
1348.215332 1714.065430
1374.619019 1713.895630
1400.950806 1713.726318
1426.901978 1713.559570
1453.072876 1713.391235
1479.435669 1713.221802
1505.288696 1713.055664
1531.690918 1712.885742
1557.631836 1712.718994
1583.389160 1712.553467
1608.531982 1712.391846
765.845581 1690.241577
792.583862 1690.139893
818.610535 1690.040771
845.451355 1689.938721
871.881531 1689.838135
898.888733 1689.735352
925.941772 1689.632446
952.366211 1689.531982
979.100586 1689.430176
1005.952026 1689.328125
1032.350220 1689.227661
1058.563354 1689.127930
1085.091187 1689.026978
1111.529175 1688.926392
1137.819092 1688.826416
1164.503418 1688.724854
1190.874756 1688.624512
1217.156006 1688.524536
1243.383301 1688.424805
1269.469482 1688.325439
1296.030884 1688.224487
1322.379517 1688.124268
1348.400391 1688.025269
1374.809814 1687.924683
1401.133301 1687.824585
1427.121704 1687.725708
1453.312744 1687.626099
1479.663086 1687.525879
1505.571289 1687.427246
1531.980957 1687.326782
1557.960571 1687.227905
1583.662109 1687.130127
1608.817261 1687.034424
765.755432 1663.579468
792.499756 1663.524902
818.490784 1663.471924
845.354675 1663.416992
871.821899 1663.363037
898.851501 1663.307861
925.884094 1663.252686
952.341003 1663.198730
979.074829 1663.144043
1005.921082 1663.089355
1032.351196 1663.035400
1058.594849 1662.981812
1085.138672 1662.927612
1111.594849 1662.873657
1137.883667 1662.819946
1164.566895 1662.765503
1190.948242 1662.711670
1217.255859 1662.657959
1243.503174 1662.604370
1269.604126 1662.551025
1296.172729 1662.496826
1322.537354 1662.443115
1348.582642 1662.389893
1374.997803 1662.335938
1401.313354 1662.282227
1427.338501 1662.229126
1453.549683 1662.175659
1479.887939 1662.121948
1505.850952 1662.068848
1532.268311 1662.015015
1558.286377 1661.961914
1583.932861 1661.909546
1609.100342 1661.858154
765.669067 1638.035522
792.418945 1637.957031
818.375488 1637.880737
845.261353 1637.801758
871.764099 1637.723999
898.815369 1637.644531
925.827881 1637.565186
952.316345 1637.487427
979.049622 1637.408936
1005.890747 1637.330078
1032.352051 1637.252441
1058.626099 1637.175171
1085.185669 1637.097168
1111.660156 1637.019409
1137.947998 1636.942261
1164.630249 1636.863892
1191.021851 1636.786377
1217.356079 1636.708984
1243.623657 1636.631958
1269.739990 1636.555176
1296.316284 1636.477173
1322.697510 1636.399658
1348.767944 1636.323120
1375.189453 1636.245483
1401.497314 1636.168213
1427.560791 1636.091797
1453.793213 1636.014648
1480.119751 1635.937378
1506.140015 1635.860962
1532.566040 1635.783325
1558.625000 1635.706787
1584.215088 1635.631714
1609.396240 1635.557739
765.581665 1612.222534
792.337402 1612.133179
818.259094 1612.046509
845.167175 1611.956543
871.705872 1611.867920
898.778931 1611.777344
925.771301 1611.687134
952.291565 1611.598511
979.024231 1611.509155
1005.860229 1611.419434
1032.353027 1611.330933
1058.657349 1611.243042
1085.232910 1611.154175
1111.725708 1611.065674
1138.012451 1610.977783
1164.693726 1610.888550
1191.095581 1610.800293
1217.456421 1610.712158
1243.744385 1610.624390
1269.875977 1610.536987
1296.459839 1610.448120
1322.857666 1610.359863
1348.953125 1610.272705
1375.380981 1610.184326
1401.681030 1610.096436
1427.782715 1610.009277
1454.036133 1609.921509
1480.350708 1609.833496
1506.427979 1609.746338
1532.862549 1609.657959
1558.962036 1609.570801
1584.495728 1609.485474
1609.690430 1609.401245
765.493530 1586.177979
792.255127 1586.103516
818.141907 1586.031372
845.072449 1585.956421
871.647339 1585.882324
898.742371 1585.806885
925.714539 1585.731812
952.266724 1585.657837
978.998840 1585.583374
1005.829712 1585.508667
1032.354004 1585.434814
1058.688599 1585.361450
1085.280029 1585.287354
1111.790894 1585.213623
1138.076660 1585.140381
1164.756836 1585.066040
1191.168823 1584.992554
1217.556030 1584.919067
1243.863892 1584.845825
1270.010498 1584.772949
1296.601929 1584.698975
1323.015869 1584.625366
1349.135864 1584.552612
1375.569824 1584.479004
1401.862061 1584.405762
1428.000977 1584.333008
1454.275024 1584.259766
1480.577759 1584.186523
1506.710693 1584.113770
1533.153198 1584.040161
1559.292236 1583.967285
1584.770508 1583.896362
1609.978027 1583.826172
765.405273 1560.083130
792.172729 1560.018433
818.024414 1559.955811
844.977417 1559.890625
871.588623 1559.826172
898.705688 1559.760620
925.657654 1559.695312
952.241821 1559.630981
978.973328 1559.566284
1005.799072 1559.501343
1032.354980 1559.437134
1058.719971 1559.373291
1085.327393 1559.308960
1111.856445 1559.244629
1138.141235 1559.181152
1164.820312 1559.116455
1191.242432 1559.052612
1217.656128 1558.988647
1243.984253 1558.924927
1270.145874 1558.861572
1296.744751 1558.797241
1323.175049 1558.733276
1349.319946 1558.670044
1375.759888 1558.605957
1402.044312 1558.542358
1428.220947 1558.479004
1454.515747 1558.415405
1480.806396 1558.351807
1506.995483 1558.288330
1533.446289 1558.224365
1559.625000 1558.161011
1585.047363 1558.099487
1610.268066 1558.038452
765.312195 1532.573120
792.085999 1532.580566
817.901123 1532.587646
844.877991 1532.595093
871.527283 1532.602539
898.667480 1532.609985
925.598389 1532.617554
952.215942 1532.624878
978.946960 1532.632324
1005.767395 1532.639648
1032.355957 1532.647095
1058.752197 1532.654419
1085.375854 1532.661743
1111.923584 1532.669189
1138.207031 1532.676392
1164.884888 1532.683838
1191.317261 1532.691162
1217.757690 1532.698486
1244.105835 1532.705811
1270.282471 1532.713013
1296.888672 1532.720337
1323.334961 1532.727661
1349.504272 1532.734985
1375.949829 1532.742310
1402.226074 1532.749512
1428.439697 1532.756836
1454.754517 1532.764160
1481.032837 1532.771362
1507.276855 1532.778687
1533.734985 1532.786011
1559.952148 1532.793213
1585.318970 1532.800293
1610.551880 1532.807251
765.228638 1507.874634
792.007690 1507.810181
817.789185 1507.748169
844.787170 1507.683105
871.471008 1507.618896
898.632202 1507.553467
925.543457 1507.488647
952.191833 1507.424438
978.922180 1507.360107
1005.737549 1507.295532
1032.356934 1507.231445
1058.782959 1507.167847
1085.422485 1507.103638
1111.988281 1507.039673
1138.270996 1506.976440
1164.947876 1506.912109
1191.390625 1506.848511
1217.857666 1506.784790
1244.226440 1506.721191
1270.418579 1506.658203
1297.032715 1506.594116
1323.496094 1506.530396
1349.690918 1506.467285
1376.143433 1506.403564
1402.412231 1506.340332
1428.664795 1506.277100
1455.001709 1506.213745
1481.268433 1506.150391
1507.571289 1506.087158
1534.038696 1506.023315
1560.298218 1505.960083
1585.607910 1505.899170
1610.855225 1505.838379
765.136841 1480.757080
791.922241 1480.764893
817.667664 1480.772461
844.689148 1480.780396
871.410522 1480.788330
898.594543 1480.796265
925.485107 1480.804199
952.166321 1480.812012
978.896179 1480.819824
1005.706360 1480.827759
1032.357910 1480.835571
1058.814697 1480.843384
1085.470215 1480.851196
1112.054321 1480.859009
1138.335815 1480.866699
1165.011475 1480.874512
1191.464355 1480.882324
1217.957642 1480.890137
1244.346313 1480.897827
1270.553223 1480.905518
1297.174438 1480.913330
1323.653564 1480.921143
1349.872559 1480.928833
1376.330444 1480.936646
1402.591187 1480.944336
1428.880249 1480.952026
1455.236816 1480.959839
1481.491333 1480.967529
1507.848267 1480.975342
1534.322876 1480.983032
1560.620239 1480.990845
1585.875122 1480.998169
1611.134521 1481.005615
765.051025 1455.383667
791.841919 1455.350586
817.552979 1455.318970
844.596252 1455.285645
871.352966 1455.252686
898.558533 1455.219238
925.429077 1455.186157
952.141785 1455.153198
978.871033 1455.120361
1005.676025 1455.087402
1032.358887 1455.054443
1058.845825 1455.021851
1085.517334 1454.989014
1112.119751 1454.956299
1138.400269 1454.923950
1165.075073 1454.891113
1191.538208 1454.858521
1218.058350 1454.825806
1244.467407 1454.793335
1270.689819 1454.760986
1297.318848 1454.728271
1323.814819 1454.695679
1350.059204 1454.663330
1376.523682 1454.630737
1402.776855 1454.598389
1429.104614 1454.566040
1455.482910 1454.533569
1481.725586 1454.501221
1508.140503 1454.468628
1534.624146 1454.436035
1560.963135 1454.403687
1586.161011 1454.372559
1611.434448 1454.341553
764.960022 1428.476685
791.757080 1428.494995
817.432190 1428.512451
844.498718 1428.530884
871.292847 1428.549072
898.520996 1428.567627
925.370911 1428.585938
952.116333 1428.604126
978.845032 1428.622314
1005.644897 1428.640503
1032.359863 1428.658691
1058.877686 1428.676758
1085.565308 1428.694946
1112.185913 1428.713013
1138.465332 1428.730957
1165.138916 1428.749023
1191.612183 1428.767090
1218.158813 1428.785156
1244.588013 1428.803101
1270.825317 1428.821045
1297.461670 1428.839111
1323.973633 1428.857178
1350.242554 1428.875122
1376.712769 1428.893066
1402.957764 1428.911011
1429.322632 1428.928955
1455.721069 1428.946899
1481.951660 1428.964722
1508.421631 1428.982788
1534.912842 1429.000732
1561.290405 1429.018677
1586.433105 1429.035889
1611.718994 1429.053101
764.869751 1401.788818
791.672852 1401.843384
817.312256 1401.895508
844.401917 1401.950562
871.233032 1402.005127
898.483643 1402.060425
925.313049 1402.114990
952.091064 1402.169434
978.819153 1402.223755
1005.613831 1402.278198
1032.360840 1402.332642
1058.909424 1402.386597
1085.613037 1402.440796
1112.252197 1402.494995
1138.530396 1402.548340
1165.202881 1402.602661
1191.686279 1402.656494
1218.259521 1402.710449
1244.708740 1402.764160
1270.961182 1402.817627
1297.604858 1402.871704
1324.133179 1402.925659
1350.426636 1402.979126
1376.902832 1403.032959
1403.139771 1403.086304
1429.541992 1403.139893
1455.960815 1403.193604
1482.179321 1403.246948
1508.704834 1403.300781
1535.203979 1403.354736
1561.620728 1403.408325
1586.707642 1403.459351
1612.006226 1403.510742
764.787354 1377.449341
791.595642 1377.412109
817.201782 1377.376465
844.312195 1377.338623
871.177368 1377.301270
898.448730 1377.263306
925.258667 1377.225952
952.067139 1377.188721
978.794617 1377.151489
1005.584167 1377.114258
1032.361694 1377.076904
1058.939941 1377.039917
1085.659424 1377.002686
1112.316528 1376.965576
1138.594116 1376.929077
1165.265747 1376.891968
1191.759521 1376.855103
1218.359497 1376.817993
1244.829346 1376.781128
1271.097412 1376.744629
1297.749268 1376.707520
1324.294556 1376.670532
1350.613892 1376.633911
1377.097046 1376.597046
1403.326660 1376.560547
1429.768311 1376.523804
1456.209473 1376.486938
1482.416504 1376.450439
1509.001465 1376.413452
1535.510132 1376.376587
1561.969849 1376.339722
1586.999146 1376.304932
1612.312622 1376.269653
764.697998 1351.030518
791.512207 1351.016479
817.083008 1351.003052
844.216187 1350.988892
871.118042 1350.974854
898.411682 1350.960571
925.201172 1350.946533
952.041992 1350.932617
978.768921 1350.918579
1005.553284 1350.904541
1032.362671 1350.890625
1058.971558 1350.876709
1085.707031 1350.862671
1112.382446 1350.848755
1138.658936 1350.835083
1165.329468 1350.821167
1191.833496 1350.807251
1218.459961 1350.793335
1244.949951 1350.779541
1271.233032 1350.765747
1297.892334 1350.751831
1324.453979 1350.737915
1350.798096 1350.724243
1377.287231 1350.710327
1403.509033 1350.696655
1429.988159 1350.682861
1456.449951 1350.668945
1482.644775 1350.655273
1509.285645 1350.641357
1535.802368 1350.627563
1562.301514 1350.613647
1587.275146 1350.600586
1612.601440 1350.587402
764.606323 1323.950562
791.426880 1324.002441
816.961548 1324.051758
844.118225 1324.104248
871.057617 1324.156372
898.374023 1324.209106
925.142822 1324.260864
952.016479 1324.312744
978.742859 1324.364502
1005.522095 1324.416260
1032.363647 1324.468140
1059.003418 1324.519531
1085.754883 1324.571289
1112.448730 1324.622803
1138.723999 1324.673584
1165.393188 1324.725220
1191.907349 1324.776489
1218.560181 1324.828003
1245.070190 1324.879150
1271.368042 1324.930054
1298.034546 1324.981567
1324.612061 1325.032959
1350.980347 1325.083862
1377.475098 1325.135132
1403.688721 1325.185791
1430.204468 1325.237061
1456.686157 1325.288208
1482.868896 1325.338745
1509.564087 1325.390381
1536.088135 1325.441650
1562.625488 1325.492920
1587.544189 1325.541138
1612.882690 1325.590088
764.518066 1297.845703
791.344360 1297.894409
816.843933 1297.940552
844.023071 1297.989868
870.998779 1298.038696
898.337280 1298.088257
925.085693 1298.136719
951.991455 1298.185547
978.717285 1298.233887
1005.491272 1298.282471
1032.364624 1298.331177
1059.034912 1298.379517
1085.802490 1298.427979
1112.514648 1298.476440
1138.788940 1298.524048
1165.457153 1298.572388
1191.981567 1298.620361
1218.661255 1298.668701
1245.191528 1298.716797
1271.504761 1298.764526
1298.178833 1298.812866
1324.772949 1298.861084
1351.166382 1298.908936
1377.667480 1298.956909
1403.873291 1299.004395
1430.427246 1299.052490
1456.930054 1299.100586
1483.100708 1299.147949
1509.853027 1299.196533
1536.385498 1299.244629
1562.963379 1299.292725
1587.825439 1299.337769
1613.177490 1299.383789
764.429077 1271.540894
791.261292 1271.600220
816.725464 1271.656616
843.927307 1271.716797
870.939575 1271.776611
898.300293 1271.837158
925.028320 1271.896240
951.966370 1271.955933
978.691589 1272.015015
1005.460388 1272.074219
1032.365601 1272.133789
1059.066528 1272.192871
1085.850220 1272.252197
1112.580811 1272.311279
1138.853882 1272.369385
1165.521118 1272.428467
1192.055786 1272.487183
1218.762085 1272.546265
1245.312744 1272.604980
1271.641113 1272.663208
1298.322754 1272.722290
1324.933350 1272.781128
1351.351685 1272.839600
1377.858887 1272.898315
1404.056763 1272.956299
1430.648682 1273.015137
1457.172363 1273.073853
1483.330933 1273.131714
1510.139771 1273.191040
1536.680542 1273.249756
1563.298462 1273.308594
1588.104248 1273.363525
1613.469482 1273.419678
764.339966 1245.196289
791.178101 1245.270996
816.606934 1245.341797
843.831482 1245.417480
870.880371 1245.492798
898.263306 1245.568970
924.970886 1245.643311
951.941223 1245.718384
978.665894 1245.792725
1005.429504 1245.867188
1032.366577 1245.942139
1059.098145 1246.016602
1085.897827 1246.091187
1112.646729 1246.165649
1138.918823 1246.238770
1165.584961 1246.312988
1192.129883 1246.386841
1218.862793 1246.461182
1245.433716 1246.535156
1271.777222 1246.608398
1298.466431 1246.682739
1325.093384 1246.756836
1351.536621 1246.830444
1378.049805 1246.904175
1404.239868 1246.977051
1430.869507 1247.051147
1457.413940 1247.125000
1483.560547 1247.197876
1510.425659 1247.272583
1536.974487 1247.346436
1563.632324 1247.420654
1588.382080 1247.489502
1613.760254 1247.560181
764.251892 1219.176025
791.095825 1219.248169
816.489685 1219.316528
843.736633 1219.389893
870.821716 1219.462646
898.226624 1219.536377
924.914001 1219.608154
951.916321 1219.680908
978.640381 1219.752808
1005.398865 1219.824707
1032.367554 1219.897339
1059.129517 1219.969360
1085.945312 1220.041504
1112.712524 1220.113525
1138.983643 1220.184082
1165.648682 1220.255859
1192.203735 1220.327393
1218.963379 1220.399292
1245.554688 1220.470825
1271.913452 1220.541748
1298.610229 1220.613525
1325.253662 1220.685303
1351.721924 1220.756470
1378.241455 1220.827881
1404.423584 1220.898315
1431.091309 1220.969971
1457.656738 1221.041504
1483.791382 1221.111816
1510.713379 1221.184204
1537.270630 1221.255737
1563.968872 1221.327515
1588.662354 1221.393921
1614.053833 1221.462280
764.161743 1192.511963
791.011597 1192.608276
816.369751 1192.699219
843.639709 1192.796875
870.761841 1192.894165
898.189270 1192.992554
924.856018 1193.088135
951.890930 1193.185059
978.614441 1193.280884
1005.367676 1193.376831
1032.368530 1193.473633
1059.161377 1193.569702
1085.993286 1193.665894
1112.779053 1193.761963
1139.049072 1193.856201
1165.712891 1193.951782
1192.278320 1194.046997
1219.064819 1194.143066
1245.676392 1194.238525
1272.050415 1194.333008
1298.754639 1194.428833
1325.414551 1194.524414
1351.907715 1194.619385
1378.433228 1194.714478
1404.607544 1194.808350
1431.312988 1194.904053
1457.899292 1194.999512
1484.021729 1195.093140
1511.000122 1195.189819
1537.565430 1195.285156
1564.303467 1195.380981
1588.940674 1195.469360
1614.345215 1195.560425
764.072876 1166.259521
790.928711 1166.374390
816.251648 1166.482666
843.544250 1166.599487
870.702881 1166.715576
898.152466 1166.832886
924.798828 1166.946899
951.865906 1167.062622
978.588867 1167.177002
1005.336975 1167.291260
1032.369507 1167.406982
1059.192871 1167.521606
1086.040649 1167.636475
1112.844727 1167.751099
1139.113647 1167.863403
1165.776489 1167.977417
1192.352051 1168.091064
1219.164917 1168.205811
1245.796631 1168.319580
1272.185669 1168.432495
1298.897461 1168.546753
1325.573608 1168.660767
1352.091431 1168.774170
1378.623047 1168.887695
1404.789307 1168.999512
1431.532227 1169.113892
1458.139160 1169.227661
1484.249634 1169.339355
1511.283936 1169.454956
1537.857300 1169.568604
1564.634888 1169.683105
1589.216309 1169.788208
1614.633789 1169.896973
763.986816 1140.831787
790.848267 1140.907715
816.136719 1140.979248
843.451172 1141.056519
870.645264 1141.133545
898.116394 1141.211182
924.742737 1141.286499
951.841309 1141.363159
978.563660 1141.438721
1005.306580 1141.514404
1032.370361 1141.591064
1059.223999 1141.666992
1086.087891 1141.742920
1112.910156 1141.818848
1139.178223 1141.893066
1165.839966 1141.968506
1192.425903 1142.043823
1219.265625 1142.119629
1245.917847 1142.195068
1272.322388 1142.269775
1299.041992 1142.345459
1325.734985 1142.420898
1352.278198 1142.495972
1378.816406 1142.571045
1404.975098 1142.645020
1431.756714 1142.720825
1458.385254 1142.796143
1484.484009 1142.869995
1511.576294 1142.946655
1538.158569 1143.021851
1564.977661 1143.097656
1589.502197 1143.167114
1614.933716 1143.239014
763.901184 1115.514282
790.768250 1115.591553
816.022644 1115.664307
843.358948 1115.742920
870.588196 1115.821411
898.080750 1115.900635
924.687378 1115.977173
951.817078 1116.055298
978.538818 1116.132202
1005.276733 1116.209229
1032.371338 1116.287231
1059.254639 1116.364624
1086.133911 1116.442017
1112.973999 1116.519287
1139.241089 1116.594971
1165.901855 1116.671631
1192.497681 1116.748169
1219.363281 1116.825562
1246.035156 1116.902344
1272.454468 1116.978394
1299.181519 1117.055420
1325.890381 1117.132324
1352.458008 1117.208740
1379.002075 1117.285156
1405.153198 1117.360474
1431.971802 1117.437744
1458.620605 1117.514404
1484.707764 1117.589600
1511.855103 1117.667725
1538.445435 1117.744263
1565.303711 1117.821533
1589.773438 1117.892090
1615.217896 1117.965332
