818.125793 72.536148
845.436218 73.620178
871.890015 73.564651
898.851501 73.703354
925.563293 74.155632
951.808960 72.903671
979.040039 74.617973
1005.823303 74.250580
1032.259644 75.185081
1058.372314 75.559090
1085.464966 74.792854
1111.550293 75.400391
1137.550171 75.995796
1165.104980 76.232407
1190.568359 76.255798
1217.309570 76.640938
1243.429199 76.515007
1269.659546 76.187271
1296.783325 76.862328
1322.197510 76.374428
1348.608154 76.245842
1374.902222 76.256653
1401.214355 75.501030
1427.082153 75.924088
1453.371826 76.028702
1480.529419 76.166573
1505.897095 75.538673
1532.346313 75.493454
1557.850342 76.390671
818.748352 98.912483
844.971802 98.889038
871.439636 99.563454
898.743896 99.789574
924.598267 100.645798
952.442078 100.442261
979.153992 100.969452
1005.593445 98.137733
1032.202148 101.587746
1058.550049 100.989929
1085.740967 100.564598
1111.303833 101.594818
1137.924316 103.833092
1164.463867 101.932930
1191.460938 102.858757
1217.328491 102.049210
1243.840698 102.570465
1269.061157 101.784393
1296.823242 102.943443
1322.165283 102.194115
1348.374023 100.451126
1374.464844 102.021843
1401.217163 101.883392
1427.983398 101.632439
1453.463745 101.931297
1480.663330 101.455719
1506.191040 101.528297
1532.467773 101.588867
1558.370972 101.258392
818.283752 123.549706
844.486450 125.166435
870.883301 124.637672
898.051636 125.219704
926.064880 125.200905
952.113708 126.366234
978.617310 126.423576
1005.778137 126.412582
1031.799561 126.890343
1058.768433 126.983276
1084.918091 127.375435
1110.994385 127.588326
1137.893311 127.856438
1164.341309 127.447502
1190.409424 128.306198
1217.384766 129.135239
1243.689575 127.079918
1269.393799 127.034142
1296.110840 128.608170
1322.931274 128.748367
1348.602173 128.217270
1375.417725 127.813377
1402.151489 128.541550
1427.178589 127.837654
1454.233521 127.880692
1480.101807 127.899826
1504.955444 127.632584
1532.331421 127.658463
1558.957397 127.815674
817.583984 150.861801
846.204590 152.129654
871.566284 151.425186
898.500061 151.794937
926.117676 151.512589
951.868652 154.717804
978.812378 152.813293
1005.332825 152.478134
1032.614990 152.133347
1059.178833 154.157898
1084.943970 153.439072
1112.038086 153.236404
1138.768799 154.323334
1164.579956 153.594757
1191.108032 153.278336
1217.151489 154.040863
1243.454224 154.191071
1270.697388 153.512436
1297.079468 154.605270
1320.846680 154.341858
1348.670044 153.708847
1375.261719 153.068970
1401.866821 154.421249
1427.630981 153.551254
1454.780762 154.135712
1479.885376 153.174347
1506.621094 153.183243
1532.629150 152.786118
1558.872314 153.358505
818.483643 176.115097
845.541443 178.019150
871.843323 177.335846
898.342712 178.179337
924.807190 177.454407
952.066223 178.288406
979.979004 178.083298
1006.201477 179.417435
1031.158813 178.471146
1057.667969 178.927490
1085.111084 179.025711
1112.546509 178.625397
1138.016479 179.454315
1165.182129 179.141129
1191.423828 179.537186
1217.682373 181.171387
1243.230957 180.857788
1269.925171 179.051743
1295.980713 181.002731
1322.447144 179.888123
1349.464355 178.861237
1376.322998 180.248032
1401.560181 179.657288
1428.070679 179.400955
1453.897827 180.270325
1480.433716 179.499756
1506.592529 179.136337
1533.907837 179.660049
1559.721558 178.338104
817.734314 203.080322
844.967834 203.522156
873.245239 203.829926
898.812683 203.327774
925.555908 204.103577
952.295837 204.364975
979.240967 205.220169
1005.862488 204.164688
1032.034912 205.116714
1058.437378 205.156097
1085.030884 205.186111
1110.593628 204.504547
1138.053833 205.761047
1165.045654 204.744080
1191.143555 205.845596
1217.615845 205.812531
1243.661377 205.533966
1269.431641 205.259338
1296.600708 205.808762
1323.369995 205.193146
1349.441040 206.496719
1376.280640 205.044189
1401.866211 205.562561
1428.244629 205.507736
1454.408325 205.358109
1479.981812 205.478271
1506.733643 205.036667
1533.660034 204.462677
1559.754517 204.766541
819.605774 229.014725
845.243896 228.903259
871.279602 229.359512
898.853149 230.381500
925.275024 230.232956
952.706787 231.002258
978.124207 231.581833
1006.038818 231.320541
1033.012573 230.492661
1058.828735 230.928802
1084.442139 231.975800
1111.760376 231.317398
1138.157715 231.457245
1164.512939 231.594177
1191.290283 231.721313
1217.817749 232.680832
1243.833008 231.690018
1270.471069 231.720291
1296.755859 231.885406
1324.364258 232.086960
1349.410889 231.334747
1375.314209 232.070618
1401.770630 231.352158
1428.987915 230.624207
1454.874634 230.788040
1481.018433 231.028503
1507.282349 231.211487
1533.718872 230.495392
1559.806152 230.578278
817.381165 255.665482
844.349121 255.898376
871.248901 256.094696
898.707336 256.278351
926.025024 256.726410
952.448914 255.664032
978.716614 256.588165
1005.678040 256.866882
1032.555664 258.059265
1058.695923 257.171997
1085.287720 257.127045
1111.633423 257.490570
1138.926758 258.143890
1165.057861 257.464508
1191.946777 258.190125
1217.237671 258.222900
1244.434692 259.152130
1270.905151 256.596741
1296.931641 257.511444
1323.729858 257.182770
1349.597900 257.322205
1376.149902 257.508057
1402.657715 258.092346
1429.031006 256.271912
1455.127319 258.360626
1481.114624 257.201904
1507.600830 256.883331
1533.667114 256.515869
1560.325562 256.219147
818.129639 280.847382
844.413269 281.797333
871.826477 280.584473
898.830933 282.807739
925.503357 280.675018
952.115112 282.955536
978.695557 283.001190
1006.008972 283.363403
1032.854370 282.379486
1058.742920 283.353333
1085.548950 283.332397
1112.310669 282.771820
1138.188477 283.758148
1165.032227 283.709686
1191.750732 282.318024
1218.630005 284.028625
1244.426270 283.655090
1271.109985 284.065308
1296.455200 283.226410
1323.853149 283.909546
1350.569824 282.805023
1377.441284 283.692230
1402.344238 283.042542
1428.714478 283.155396
1454.862793 282.988007
1483.765747 282.959290
1507.917480 282.486053
1534.027954 282.618988
1560.559692 282.398651
817.770508 308.264160
844.364685 307.737732
872.111633 308.455109
898.653748 308.402863
926.114319 308.775269
952.738220 308.349152
979.194031 309.505280
1005.461060 309.159454
1032.667114 309.502747
1058.750488 309.281708
1086.317383 308.648987
1113.096436 309.057800
1137.457031 310.344757
1164.948486 309.636230
1191.851807 310.183624
1217.796143 309.520050
1244.824829 310.556183
1270.755127 309.679779
1297.611450 310.153229
1324.063599 308.799347
1349.590454 309.317200
1376.202148 309.367554
1402.985840 309.936646
1428.581299 308.726868
1455.275146 308.948090
1480.678833 309.140137
1507.820435 308.313965
1534.695923 307.417938
1560.886230 309.459839
818.487366 335.073883
845.041504 334.226929
872.105469 335.193573
899.068909 333.709625
925.786804 334.012909
952.728210 335.439331
978.992126 335.052185
1006.082275 335.860748
1031.817383 335.831268
1058.916138 335.301361
1085.397461 335.490601
1112.595581 336.274658
1139.032593 334.708344
1164.838257 335.371674
1191.420166 335.600891
1218.694580 336.078705
1244.645996 335.478760
1270.664062 335.339600
1297.093018 335.355011
1324.093994 336.522034
1349.967896 335.191284
1376.585938 334.855103
1402.703613 335.175293
1428.975220 334.866760
1455.563232 334.640839
1482.784424 335.070221
1508.883911 335.179688
1534.497925 334.085297
1560.887573 333.894409
817.583252 361.720703
844.722046 359.394318
871.752808 360.923004
898.960388 359.685364
925.571777 361.703308
952.442993 360.251709
979.492188 361.646301
1006.058472 360.481995
1032.646484 361.985474
1058.941528 361.276917
1085.839844 362.328156
1111.311035 362.220398
1138.688354 361.392853
1164.925293 361.754486
1191.487671 361.434723
1218.054565 361.548218
1245.155884 361.847534
1270.624268 362.089874
1297.369995 361.253510
1323.897339 361.087463
1350.266113 361.133209
1376.498291 361.047302
1403.696655 361.362183
1429.092285 360.847137
1455.701660 360.524017
1482.274536 359.786591
1508.402344 360.213806
1534.969360 360.288971
1561.595947 359.200775
818.050293 385.767303
843.887634 386.651215
871.191223 386.563202
898.834473 385.991608
924.958984 387.160461
951.827454 386.910950
979.087158 386.441864
1005.835693 388.446838
1032.361694 387.288513
1059.698608 386.744354
1085.472534 387.447205
1112.840088 386.873627
1138.434692 388.963257
1165.278931 387.420898
1191.171997 388.181427
1218.406982 387.141083
1244.903809 387.415192
1271.765625 387.886871
1297.245605 387.572418
1323.301636 386.365845
1350.976440 386.340027
1377.343750 387.793762
1402.874512 387.866058
1430.643921 387.164368
1456.470337 385.942657
1482.819214 387.244751
1508.633301 386.221680
1535.769531 385.254242
1561.614136 386.056519
817.204651 413.695557
844.723328 412.504242
871.164917 412.772583
898.840515 412.378876
925.493591 413.596497
952.455383 412.464905
978.604126 413.026489
1005.056763 414.314087
1032.605225 414.560425
1059.350952 413.028442
1086.142456 414.161865
1110.913940 412.545502
1138.160400 412.882996
1165.256714 413.445892
1191.674927 413.506500
1217.963135 414.763824
1245.270630 414.116302
1271.558472 412.643250
1297.583740 413.263428
1324.211060 413.201904
1351.153198 413.754333
1377.898071 413.951294
1403.835327 413.691223
1429.887207 412.562927
1456.643066 413.272125
1482.024048 413.116699
1508.945190 411.866364
1535.136475 411.685577
1561.980835 411.808624
816.637634 439.000122
844.907288 439.262177
871.053711 438.996460
898.524658 439.696442
925.402344 438.316650
951.749207 439.602997
978.751282 439.532135
1006.175293 439.984558
1031.670166 440.110229
1059.637695 439.931000
1085.944946 438.876068
1112.699463 440.295166
1138.490723 439.864349
1165.615234 440.280701
1191.697021 439.532745
1218.876099 440.253815
1244.335449 439.919495
1271.110962 439.141968
1298.239014 438.801666
1324.736572 439.630463
1351.262573 438.407623
1376.990723 438.633392
1403.100708 439.482483
1429.804443 438.521515
1456.172485 438.455444
1482.835083 438.346100
1509.457764 438.352386
1536.336304 438.645905
1562.101807 437.732574
817.071655 465.592072
843.781738 465.191803
871.381104 466.043274
897.746338 465.375946
924.784668 465.309143
952.053772 464.868256
979.041748 466.092499
1005.203064 465.924042
1032.784058 466.206757
1058.738403 465.919189
1086.005615 466.305206
1112.806030 465.263336
1139.272095 466.216827
1165.262085 465.478180
1192.465332 466.235992
1218.562256 465.386475
1245.622192 465.757355
1271.348511 465.440491
1298.595215 465.728943
1325.113403 464.516479
1351.443970 465.659821
1377.234741 464.963867
1404.441650 465.497223
1430.332275 464.646332
1456.058716 463.965210
1482.954468 464.558136
1509.520264 464.260681
1535.851074 463.631836
1563.251465 464.696838
816.518127 491.469635
844.294312 491.993988
869.957275 492.369354
898.638550 491.920624
924.781372 491.825836
952.030029 492.474304
978.987000 491.296234
1005.871460 492.508270
1032.685059 491.100616
1059.255371 492.318420
1085.857666 491.350433
1112.662354 492.342499
1138.699219 491.805267
1165.924438 492.232513
1191.780396 491.855896
1218.853394 491.956360
1244.989380 491.437897
1271.356445 491.121277
1298.649536 490.708832
1325.137939 491.751556
1350.492310 491.631622
1377.967773 491.822601
1404.135376 490.768372
1431.173950 491.422455
1457.560547 489.917786
1483.197754 490.202148
1510.365601 489.502899
1536.811401 490.771576
1562.929077 489.800873
816.441040 518.657349
843.765198 518.280457
871.128235 518.314880
898.076111 517.051636
924.954712 518.587036
951.850281 517.025391
978.268372 517.858643
1005.155212 518.155518
1032.486084 518.432678
1058.755615 517.717468
1085.933105 518.601624
1112.285522 517.773254
1139.316895 518.320435
1165.366333 517.894409
1192.407837 518.305542
1218.724731 517.490723
1245.588257 518.324341
1271.661255 517.514526
1298.699951 517.697144
1325.343018 516.650269
1351.969849 517.546204
1378.001465 516.747070
1403.838989 516.317383
1430.862061 516.704407
1457.165771 516.634827
1483.633057 516.453735
1510.960571 516.929993
1536.441162 516.840149
1564.102539 514.809692
816.673157 543.628296
843.546570 544.680542
869.292297 543.627686
896.378662 544.820435
924.892212 543.550354
951.299255 544.198425
978.413879 544.128357
1004.957825 544.006042
1032.473145 543.617249
1059.104004 544.704468
1085.583862 543.980469
1112.795654 544.597900
1138.648560 544.161987
1165.921387 544.425354
1191.787964 544.121948
1219.227539 544.356079
1245.411499 543.440063
1271.797852 543.538757
1298.397339 543.438599
1324.944824 543.399231
1351.449219 543.162720
1377.904785 543.113770
1404.472412 543.089844
1431.469849 543.599182
1457.588867 542.515198
1484.097534 542.493652
1510.673950 542.509460
1537.711304 542.920105
1563.639648 542.075073
816.213318 571.039490
843.373779 571.373962
870.390442 571.187927
897.605713 569.604248
924.612122 571.302979
951.841492 570.092529
978.497803 571.030945
1005.211670 570.265137
1031.808472 570.387390
1058.590454 570.388306
1085.949707 570.846130
1112.273438 570.118042
1138.779297 570.015137
1165.347534 570.036438
1192.672363 570.452209
1218.743286 569.850708
1245.889038 570.321533
1271.847290 569.739502
1298.977295 570.078247
1325.226562 569.461914
1351.117432 568.977417
1378.619019 568.761536
1404.625488 569.050842
1431.238281 568.992310
1458.578247 569.239929
1484.458008 568.542725
1511.441528 569.210999
1537.822021 568.307556
1564.687378 568.831299
815.288940 597.181458
843.391357 597.329712
870.307434 596.462646
897.739807 597.337158
924.766052 596.440918
951.700500 597.342041
978.439758 596.113098
1005.305664 597.030701
1031.732910 596.686340
1059.268555 597.255615
1085.985962 595.898743
1112.784668 597.061584
1139.513916 595.695557
1166.153320 596.867676
1192.369873 596.000549
1219.379028 596.613220
1245.342896 596.112854
1273.047607 594.950562
1298.943726 595.601196
1325.437500 595.756165
1352.225342 595.069519
1379.111450 595.601013
1404.933838 595.171265
1431.495361 595.025269
1458.376587 594.573242
1483.971680 594.411316
1511.224854 594.460205
1539.000854 593.412170
1565.438599 593.852722
