822.614929 582.866882
849.228943 582.561646
875.619934 583.250000
902.874939 583.446167
929.740662 583.670288
955.823181 584.691650
983.164185 584.400391
1009.533813 585.094055
1035.475220 585.027466
1063.076172 585.331055
1089.581421 585.552979
1116.207520 585.546814
1143.052979 585.943115
1168.645386 585.731506
1195.990845 585.711914
1223.389160 585.398254
1249.280396 586.041504
1275.242432 586.280945
1302.623779 586.057678
1329.318848 586.435730
1356.362549 586.501282
1382.314819 587.000000
1409.347046 586.645203
1435.477905 586.385925
1462.715454 586.409668
1489.786987 584.974487
1516.460449 586.920227
1541.714478 586.192505
1568.750732 585.947083
822.200256 609.489807
849.973694 609.880859
875.456360 609.987793
903.150208 610.022583
929.381897 610.471313
956.353455 610.911682
984.043335 610.222412
1010.671204 611.788330
1035.818970 611.187195
1062.750977 610.821655
1090.760010 611.585938
1116.033936 612.165894
1144.066040 611.391357
1169.395630 612.109619
1197.301025 611.533325
1222.157104 612.596130
1249.289551 612.877991
1275.324707 611.767273
1301.956299 612.960022
1329.012085 612.227722
1356.701416 611.963440
1382.597290 612.790833
1408.594238 613.418762
1435.878906 612.932922
1462.156372 612.634155
1488.374390 611.967041
1515.150635 612.918335
1542.113770 612.473206
1568.098633 612.552002
821.918945 635.579163
849.580200 636.011292
875.458252 636.413330
902.736084 636.222595
929.274292 636.193237
956.532593 636.663879
982.721985 636.740234
1009.093567 637.527771
1037.346802 638.358337
1063.530762 637.689453
1089.590698 638.171753
1116.274414 638.598938
1142.525757 638.665283
1170.191772 638.346863
1196.406982 639.168640
1223.351440 638.491394
1250.309814 639.677612
1274.842285 638.796143
1302.373535 639.089233
1330.072632 638.030518
1355.389038 638.867737
1381.293945 639.073669
1408.758911 638.632751
1434.619019 639.459167
1460.865356 638.044006
1488.950562 638.472473
1515.921265 639.659485
1541.808350 638.621216
1568.431152 638.320557
823.028381 661.244446
849.197937 662.436279
875.357178 663.256653
902.000793 663.262939
928.346497 663.052368
956.742859 663.827576
983.007324 663.949829
1010.155640 664.341736
1036.327515 664.456970
1063.951294 665.223450
1089.846680 664.769958
1117.380493 665.737854
1143.892334 663.953430
1169.702881 665.150024
1196.230103 665.250977
1221.840820 665.440308
1248.957153 665.374695
1275.872070 665.444092
1302.789429 665.141785
1328.973022 665.219482
1355.186401 665.667969
1382.453857 665.734131
1409.017090 665.064148
1435.578857 665.509460
1462.522217 664.463440
1488.336304 664.694214
1514.543335 666.110291
1541.499390 665.064209
1569.195068 664.381470
822.352844 687.006531
848.459412 689.157104
875.309448 689.048279
902.109924 689.579895
929.458069 689.486694
955.788208 689.813721
982.981995 689.834473
1009.751709 690.874756
1034.926514 690.819885
1062.955933 691.150696
1089.575073 690.855225
1116.192505 691.351562
1142.712036 691.056641
1169.211914 691.501770
1196.446777 691.568359
1222.945801 691.272583
1247.631226 691.859131
1275.959351 691.792664
1302.837158 691.863281
1329.349487 691.567444
1355.285645 691.445312
1382.383423 691.716980
1408.536377 691.795959
1436.171875 690.746338
1462.318359 692.678650
1488.490845 691.274841
1515.024048 691.349609
1541.937134 690.678650
1567.744507 690.390869
823.089539 714.223999
849.924744 715.772766
875.417053 715.759277
902.416931 715.928528
929.943176 715.622864
956.396057 716.437256
982.731445 716.801147
1008.196350 717.058960
1036.093384 717.030212
1063.641479 717.093933
1089.883911 717.790344
1116.918701 717.980408
1143.364136 717.317627
1169.548340 717.560181
1197.016235 717.461426
1223.855713 719.010925
1250.310303 717.239807
1276.782593 718.424194
1303.250488 717.391785
1329.725220 718.576294
1355.455078 718.388550
1380.922241 718.317505
1408.441895 718.384338
1435.278687 718.145447
1461.768433 717.851868
1488.991577 718.289429
1515.123779 717.630249
1541.620361 717.706299
1568.124390 717.412598
821.210266 741.431763
849.523376 741.224365
877.050903 742.761841
902.463196 742.608521
929.453369 742.143250
956.589844 742.620972
983.055237 742.259827
1010.131409 743.135315
1036.908447 743.576599
1063.227295 743.999695
1089.722168 743.403992
1116.243042 743.998047
1143.288696 744.245605
1169.698608 743.586121
1196.122070 744.031738
1221.429199 744.043884
1248.397949 744.780518
1275.782593 744.621887
1302.564575 744.700867
1329.018188 744.933533
1354.324463 744.872437
1381.873169 744.564209
1407.950928 743.908630
1435.498657 743.973755
1461.576782 744.423523
1487.660156 744.504944
1514.852051 744.205505
1541.312988 743.914246
1567.745361 743.999268
822.468933 768.842346
848.787781 767.707825
876.245300 768.141174
903.356628 769.312561
929.180969 768.927429
956.798767 769.461243
983.516907 769.168579
1009.717102 769.486450
1036.494507 769.895752
1064.099487 770.856079
1089.359619 769.866699
1116.099854 770.482056
1142.772461 770.608154
1170.319214 770.794678
1195.978271 770.599487
1223.450439 771.314758
1249.397461 772.094238
1274.569824 770.964661
1302.611206 770.448486
1329.739258 771.620789
1355.770142 770.234131
1381.696777 770.305420
1408.293457 770.701843
1433.610840 770.748230
1461.388794 770.548096
1488.894409 771.349365
1514.951782 770.329590
1541.736206 770.403992
1568.533203 769.743591
821.868225 794.025391
849.026001 794.898254
875.461060 794.179321
902.344116 794.876038
929.778564 794.120178
956.618164 795.125916
983.281067 795.676208
1010.717773 794.903198
1036.697632 796.084900
1062.560913 795.997131
1089.350952 795.877991
1115.595093 796.102356
1142.340698 796.805664
1169.525269 797.002563
1194.987549 797.072510
1222.783325 797.661072
1249.596436 797.796509
1275.940796 796.777832
1302.043335 797.047058
1328.790405 797.080994
1356.103027 797.737305
1381.794434 797.048462
1408.463013 796.802063
1435.934448 795.770935
1461.564819 796.957520
1487.570068 797.041260
1514.314697 796.750671
1541.028564 796.859985
1567.087646 795.810852
822.181152 821.808350
849.531738 821.142517
876.157288 820.854431
901.853210 821.494812
929.884033 822.507568
955.595764 822.234619
982.464478 821.795105
1009.701172 821.931824
1035.920898 822.175232
1063.066528 822.483032
1090.802856 821.453125
1116.163696 822.574768
1142.499146 822.743713
1168.619507 823.171631
1195.927368 823.133545
1222.062500 823.534912
1248.262817 822.915466
1276.762817 824.189697
1303.070923 822.445374
1328.656616 823.264221
1354.975098 823.345276
1382.026978 823.418213
1407.611450 822.875061
1433.952026 822.492432
1460.640259 823.664978
1486.961426 823.281738
1515.150513 822.346252
1541.119751 822.796326
1567.600952 822.872742
820.882385 847.128601
848.924927 847.443542
875.533691 847.867188
902.295959 847.639893
930.075562 848.696167
956.011658 847.902832
983.087769 848.023804
1008.751221 848.206116
1037.229126 849.000977
1061.813232 848.509399
1089.134277 849.230957
1115.640137 848.779663
1143.333740 849.317505
1168.471069 848.895020
1194.877563 849.585083
1222.517944 849.710754
1248.593384 849.646423
1275.750977 849.352295
1302.390015 849.794556
1328.300659 849.880615
1355.309326 849.591003
1380.769043 849.183044
1407.442627 849.741272
1434.385620 849.218262
1461.297119 849.051636
1488.583008 848.525513
1515.230713 850.060547
1541.176025 849.053955
1567.483032 848.771912
822.068420 873.717896
849.907349 874.257568
876.433411 873.249084
902.688721 873.758118
928.898682 873.985657
956.125793 874.439087
983.784485 873.917236
1010.374268 875.084778
1036.932495 874.438660
1063.887817 875.602478
1089.730347 875.326843
1115.893433 875.501648
1143.250732 875.118896
1168.964844 875.907166
1196.059204 875.281555
1221.790161 875.903625
1247.067139 875.418396
1275.108643 875.164673
1302.044189 875.915039
1327.973755 876.036255
1356.008179 875.028564
1382.248657 876.200684
1407.915771 875.679138
1435.471680 875.996826
1461.362793 875.357971
1487.255371 875.082153
1513.870117 875.887573
1541.232300 875.233276
1568.234497 874.582581
822.280457 899.543274
849.166626 899.981262
875.921021 899.891296
902.718994 900.798157
928.538574 900.855042
956.342407 900.653625
982.276978 901.329834
1010.123657 900.807007
1035.570190 901.509216
1062.561523 901.013550
1089.550171 901.262390
1116.061401 901.565491
1141.996460 901.832581
1168.119629 901.459717
1196.637573 902.448914
1223.177612 901.082581
1249.738770 902.610291
1276.288574 901.243774
1301.131470 902.249451
1328.319092 902.140442
1354.047607 902.211060
1380.545776 901.526978
1406.641357 902.041077
1435.325439 901.369934
1461.896606 902.174377
1486.691528 901.320496
1514.699097 901.615784
1542.458618 901.658142
1567.511963 901.419006
821.968750 926.197876
848.376038 926.635193
875.610596 926.517883
903.232361 927.215881
930.412476 926.208435
956.928101 927.732361
981.689697 926.888611
1008.730530 927.569641
1036.384888 927.617432
1062.132690 927.952637
1089.732666 927.416626
1115.856567 927.874634
1143.097778 927.576660
1168.201172 928.186462
1196.110962 927.740295
1221.882446 928.414246
1248.076294 927.682556
1274.419922 928.347412
1301.129517 927.801758
1328.691528 928.149780
1354.852783 928.235657
1380.279419 928.280396
1408.641113 927.309387
1434.809692 927.755981
1460.708374 927.907410
1486.450195 928.023743
1514.430908 927.640991
1540.846558 927.124817
1566.791626 928.173340
822.023315 952.549377
849.531860 952.261536
875.986816 953.063354
902.424500 953.146240
929.589233 953.221802
955.365784 952.939087
981.289734 953.607239
1008.951294 953.180054
1035.783447 953.780518
1062.052734 953.478577
1088.951172 954.144958
1115.077637 953.634644
1142.501465 954.153015
1168.707886 953.781677
1195.500000 954.293030
1221.592896 953.884338
1248.318848 954.511719
1274.517212 953.976379
1301.815796 954.059570
1327.259644 953.929443
1354.848511 954.080933
1382.400635 953.525085
1408.163452 954.335266
1433.930542 954.426025
1459.973267 954.311218
1488.386719 953.497864
1514.882202 954.300720
1541.032349 953.667908
1567.540649 953.751099
822.432129 978.747253
848.103821 979.144043
875.535522 979.271423
903.082825 979.701416
929.329102 979.557739
956.289551 979.256104
982.776428 979.526306
1010.521606 980.736572
1036.006958 979.887146
1062.474976 980.180725
1089.187256 979.932129
1115.224854 980.404358
1142.110596 979.857788
1168.682495 980.509949
1195.025024 979.995605
1221.697754 980.722534
1248.379883 980.144653
1275.443237 980.115295
1300.970825 980.074707
1327.384155 980.707397
1354.229858 980.095032
1380.682617 980.629028
1407.690186 980.560486
1433.064087 980.493774
1461.332031 979.645569
1485.884155 980.511292
1514.251953 980.173096
1541.079712 980.253601
1567.552490 979.979248
821.762512 1004.859985
848.842041 1005.312744
875.901733 1005.366089
902.447266 1005.534851
929.321228 1005.497864
957.153076 1004.910156
981.901733 1006.229675
1008.742493 1005.730408
1035.549805 1006.482544
1062.575806 1006.037109
1088.895142 1006.609863
1115.837891 1006.145325
1142.200439 1006.840149
1168.590454 1006.065552
1195.472046 1006.773987
1221.703857 1006.163330
1248.198608 1006.978760
1274.802002 1006.157166
1300.605713 1006.817383
1327.546265 1006.243042
1354.197021 1006.919006
1381.894897 1005.894653
1408.303711 1006.695435
1433.421387 1006.170959
1459.059448 1006.625488
1488.286011 1005.871948
1514.343628 1006.318970
1540.769287 1006.404480
1567.921875 1006.482666
821.172852 1031.076172
848.924316 1031.520142
874.457947 1031.417725
902.487732 1031.603760
928.613098 1031.536743
956.126465 1031.979126
981.725159 1031.834229
1009.676392 1032.203979
1035.755737 1032.038818
1062.327881 1032.782104
1088.679443 1032.018799
1115.309570 1033.000488
1142.330933 1032.117676
1168.761230 1033.078491
1195.337524 1032.277588
1221.685791 1033.155396
1248.224365 1032.270386
1274.661987 1033.064453
1302.723755 1032.055786
1327.584961 1033.073486
1354.012207 1032.319336
1380.738525 1032.995117
1406.773315 1032.322998
1433.564087 1032.814819
1462.035522 1031.852417
1487.687622 1032.659790
1514.056519 1032.822876
1540.821167 1032.473022
1567.210083 1032.560059
821.806702 1057.593994
848.866089 1057.678833
875.871094 1058.114502
902.215515 1058.201294
929.199402 1058.171387
956.497925 1057.649536
982.208618 1058.678833
1009.123840 1058.257568
1035.430908 1058.860229
1063.825195 1057.979248
1090.503906 1059.484253
1117.140991 1057.792480
1143.825439 1059.652954
1168.715820 1058.345459
1195.482788 1059.298218
1221.873291 1058.391846
1248.217896 1059.375122
1274.702271 1058.473389
1301.371582 1059.263672
1327.409058 1058.493286
1355.781616 1059.276611
1380.612671 1058.543335
1407.068237 1059.233765
1433.598145 1058.523315
1460.089478 1059.077271
1485.756714 1058.515991
1513.808594 1058.027466
1539.635864 1058.235474
1567.227173 1058.196167
821.941772 1084.192749
848.583069 1084.018311
875.179626 1084.015259
902.444763 1084.442017
928.717285 1084.245239
955.650085 1084.893555
982.531799 1084.622681
1008.477844 1085.041992
1035.494507 1084.255493
1062.161133 1085.302124
1088.701904 1084.418091
1115.353516 1085.449219
1142.130737 1084.385620
1169.093506 1085.240845
1196.635376 1084.659668
1221.751221 1085.514038
1248.206055 1084.597656
1274.814575 1085.528809
1301.115845 1084.516479
1327.580322 1085.416992
1354.718018 1085.033691
1380.661133 1085.269165
1409.054810 1084.288452
1435.344116 1085.440918
1462.009155 1084.463379
1488.303955 1085.261353
1514.250000 1084.999878
1540.208252 1084.029297
1566.864624 1085.178345
821.820862 1109.776611
848.255127 1110.574951
875.650024 1110.116455
902.228455 1110.964600
929.125916 1110.315308
955.212952 1110.477051
982.115479 1111.252197
1008.727661 1110.521973
1035.563599 1111.322632
1062.900757 1111.165161
1089.000732 1111.535034
1115.533569 1110.668335
1142.164551 1111.591797
1168.827637 1110.744507
1195.198730 1111.699097
1221.731201 1110.641724
1248.283691 1111.749268
1274.788330 1110.627197
1301.472412 1111.536743
1329.471558 1110.916504
1356.076904 1111.709839
1382.328979 1110.387207
1407.049316 1111.443237
1434.833984 1111.274536
1461.096558 1110.658325
1487.714478 1111.098633
1515.413452 1111.527954
1541.692017 1110.558228
1568.312378 1111.351929
