2335.000000 339.500000
2370.000000 342.500000
2407.000000 343.500000
2442.976318 345.644257
2477.000000 345.500000
2511.500000 348.500000
2547.500000 348.500000
2582.500000 350.500000
2617.500000 351.500000
2652.500000 353.000000
2688.000000 354.500000
2720.903076 354.427338
2758.417725 355.794312
2791.500000 357.500000
2825.314941 358.556030
2861.000000 359.500000
2894.500000 360.500000
2929.681396 361.928345
2964.545166 363.433380
2998.000000 363.500000
3031.971191 364.974274
3066.500000 365.500000
3100.000000 366.500000
3133.460693 367.076355
3168.000000 368.500000
3202.187012 369.691071
3236.000000 370.500000
3269.621826 369.175140
3304.576172 371.250916
2336.471436 374.776276
2371.500000 375.000000
2407.947266 376.632843
2442.107666 377.735657
2479.122314 379.708008
2513.000000 380.500000
2548.500000 381.500000
2583.500000 383.000000
2618.500000 384.000000
2654.000000 385.500000
2689.243408 387.647675
2723.500000 388.000000
2758.261230 389.169739
2792.411621 389.807251
2827.000000 391.000000
2861.500000 392.500000
2895.500000 393.500000
2930.138428 394.380737
2964.580078 395.559326
2998.980225 396.529663
3033.450684 399.690826
3067.500000 398.500000
3101.500000 399.500000
3135.522461 400.053864
3170.650146 400.403198
3204.000000 402.000000
3239.113281 403.843536
3271.975098 403.425934
3305.944580 403.976715
2336.908936 405.265289
2371.500000 407.500000
2407.000000 409.000000
2442.539062 410.527466
2479.420898 410.960144
2514.500000 412.000000
2549.839844 413.973969
2583.500000 416.000000
2618.500000 417.000000
2654.000000 417.500000
2689.000000 419.500000
2723.126709 419.334106
2758.000000 421.500000
2793.009766 423.011505
2828.896973 422.720184
2862.500000 424.500000
2897.000000 426.000000
2931.500000 427.000000
2966.667725 427.661621
3000.500000 428.500000
3034.904785 430.015442
3069.589355 432.221191
3101.506592 432.690979
3137.500000 432.000000
3171.500000 433.500000
3205.500000 434.500000
3239.500000 435.000000
3275.319336 436.557098
3308.000000 436.000000
2335.571533 439.510132
2372.103760 440.090210
2407.500000 442.000000
2443.000000 443.500000
2478.245361 444.549072
2512.500000 445.500000
2548.000000 448.500000
2585.000000 449.000000
2620.500000 449.000000
2657.113525 450.726593
2689.553711 451.927979
2724.500000 453.500000
2760.740967 455.222046
2793.500000 455.500000
2829.080322 458.428680
2863.415039 457.630615
2898.000000 458.500000
2933.000000 460.000000
2966.854736 460.918060
3001.474609 461.462433
3035.500000 463.000000
3069.500000 463.000000
3105.611572 465.374725
3137.770752 465.000824
3171.133789 465.187775
3208.438232 466.168030
3241.000000 467.500000
3275.906494 468.497803
3309.000000 469.500000
2336.034668 472.960663
2370.021729 473.356415
2407.000000 475.500000
2442.850342 474.986328
2479.657959 477.485260
2513.926514 479.213806
2549.500000 480.500000
2586.000000 480.500000
2620.000000 483.000000
2655.885986 484.731354
2690.836670 484.524902
2725.060303 486.571198
2760.039795 487.590576
2795.500000 488.000000
2830.091309 488.448425
2863.804199 490.530518
2898.950195 490.821716
2933.755615 492.280457
2967.500000 493.000000
3002.500000 494.500000
3036.500000 495.000000
3072.500000 495.000000
3106.500000 498.000000
3140.854248 498.025482
3173.417480 498.937378
3208.500000 499.500000
3243.000000 500.000000
3277.000000 500.500000
3312.435303 501.375488
2335.635742 506.413483
2371.758057 507.193939
2406.564209 508.507629
2444.500000 511.000000
2479.500000 510.500000
2515.500000 513.500000
2550.002197 513.596863
2584.000000 514.000000
2619.500000 517.000000
2655.914307 516.862244
2690.797363 518.163391
2726.223633 519.424866
2761.000000 520.000000
2794.000000 520.000000
2831.243896 523.903992
2865.927002 523.152954
2900.000000 524.000000
2934.500000 525.000000
2970.500000 525.000000
3004.500000 527.500000
3038.563721 527.944763
3071.654785 529.550659
3106.000000 531.000000
3141.500000 530.500000
3174.576172 529.931519
3209.966553 532.275635
3244.431641 532.485291
3278.500000 533.500000
3313.000000 534.000000
2336.865967 538.759277
2371.567139 540.932678
2406.500000 541.000000
2442.500000 544.000000
2478.500000 543.500000
2514.718262 545.944214
2550.500000 547.000000
2587.000000 547.000000
2621.272949 549.875122
2655.270752 549.030640
2692.778320 550.796570
2725.693359 551.285767
2761.000000 553.000000
2797.391357 555.518188
2829.296875 556.056580
2866.220947 555.985474
2901.500000 557.500000
2936.000000 557.500000
2969.807373 558.839478
3004.000000 561.000000
3039.500000 561.000000
3073.801514 561.618896
3108.500000 562.500000
3143.000000 563.000000
3177.375977 562.193237
3211.500000 565.000000
3246.500000 565.500000
3280.500000 565.500000
3314.513184 566.574707
2336.000000 573.000000
2372.009277 574.516174
2407.872070 575.753601
2444.638672 575.867798
2481.000000 576.500000
2514.789551 581.938904
2552.000000 579.000000
2586.043457 582.606873
2619.410889 581.981506
2656.138672 584.506470
2692.020996 585.039795
2727.500000 586.000000
2762.180176 586.884094
2796.502686 588.632690
2832.000000 589.000000
2867.000000 589.500000
2902.013428 590.489929
2937.000000 591.000000
2971.000000 593.000000
3006.000000 593.000000
3042.000000 593.000000
3076.000000 595.500000
3109.554443 595.378113
3143.492188 596.787292
3178.500000 597.000000
3213.897705 597.910706
3247.500000 599.000000
3281.500000 598.500000
3315.536133 598.569397
2335.572021 606.941467
2371.996338 607.993835
2407.681641 609.300171
2444.120361 610.546570
2479.000000 611.000000
2514.500000 613.500000
2551.435791 613.261841
2587.024658 616.973755
2622.000000 616.000000
2657.356445 617.122070
2692.861084 618.255554
2727.734619 619.261169
2763.500000 620.000000
2799.329346 621.791016
2833.500000 622.000000
2868.000000 623.000000
2902.969727 623.932129
2937.796387 624.536743
2971.236084 625.744446
3008.205811 627.251953
3041.194580 627.328979
3075.500000 629.000000
3111.595703 628.525085
3145.964111 628.984863
3180.500000 630.000000
3216.000000 629.500000
3250.500000 632.000000
3284.000000 632.000000
3318.000000 632.500000
2336.278809 641.300232
2371.500000 641.500000
2409.000000 642.000000
2444.934570 643.504822
2480.099609 645.358093
2515.500000 646.000000
2552.923584 648.398926
2586.994873 648.558899
2622.598877 649.353088
2659.655029 650.038818
2694.409912 652.490967
2729.500000 653.000000
2763.664551 653.201660
2800.267090 653.674255
2834.000000 656.000000
2868.343262 657.102966
2905.660400 657.640564
2939.500000 658.000000
2973.931641 658.559631
3008.677734 659.109558
3043.500000 659.500000
3078.000000 661.000000
3112.479736 661.241150
3147.541260 661.973877
3183.324219 664.216919
3216.000000 663.000000
3250.000244 663.231750
3285.505371 664.438721
3320.000000 665.500000
2335.951416 674.605835
2371.914062 676.179321
2409.872803 676.211487
2445.356689 679.188782
2481.036621 678.205078
2517.500000 679.000000
2550.647949 682.319397
2588.498047 682.992676
2624.497803 682.485657
2658.704102 685.992981
2694.485107 685.219910
2730.555908 687.457764
2765.500000 688.000000
2799.920898 687.870605
2835.033936 688.970276
2870.034424 689.484619
2904.539795 691.365845
2941.321289 691.769287
2974.985107 691.969666
3010.326172 694.723511
3044.986572 693.292908
3079.239990 694.087891
3114.068359 695.013184
3148.557373 695.297424
3183.500000 696.000000
3217.422363 694.684448
3252.906250 697.291809
3286.619385 696.955444
3321.643799 698.247009
2335.500000 709.500000
2370.695557 711.053467
2409.894531 711.792969
2446.093994 711.503601
2481.500000 712.000000
2517.502930 713.641357
2551.000000 716.500000
2587.000000 715.000000
2623.500000 717.000000
2660.048584 717.195923
2695.721680 719.709167
2729.500000 719.000000
2765.388184 720.703918
2801.723145 720.832886
2837.000000 721.000000
2870.436523 723.765808
2906.033936 723.763062
2941.491943 724.928101
2977.377197 726.713074
3012.454834 725.628418
3046.049561 726.811584
3080.941650 727.445557
3115.525635 728.527771
3150.458496 728.910828
3185.843750 730.836487
3220.430176 730.149109
3256.374023 731.451965
3288.267090 732.402283
3324.693359 732.994629
2335.466797 743.009155
2372.500000 743.500000
2408.500000 745.000000
2444.521973 745.996033
2481.364990 745.102539
2516.920898 748.193115
2553.184570 748.986755
2588.525635 750.083069
2624.325439 750.815613
2658.361816 751.298340
2696.000000 753.000000
2729.915283 752.788513
2765.500000 754.000000
2801.500000 755.500000
2836.000000 755.500000
2871.000000 758.000000
2907.000000 757.500000
2943.773926 759.499939
2977.698486 759.075684
3012.225830 759.873108
3048.125977 759.474731
3081.813232 761.076843
3117.252441 761.936401
3152.272217 761.935181
3186.619385 762.744080
3221.538330 763.295166
3256.000000 763.500000
3290.991699 764.422729
3326.000000 765.000000
2336.372559 778.836731
2371.939941 778.481140
2409.823486 780.144104
2444.995117 780.465820
2481.026123 781.528992
2517.796631 781.085815
2553.045654 783.016846
2588.060547 784.845032
2624.682373 784.873535
2661.000000 786.000000
2697.527588 787.477722
2731.075195 788.039551
2767.052734 788.578430
2802.529541 788.954163
2839.049072 790.493713
2872.202148 791.663147
2908.000000 791.500000
2943.510986 791.984192
2977.171875 792.269104
3013.660889 793.094788
3050.192871 794.939148
3084.500000 795.000000
3119.500000 794.500000
3153.683838 795.779419
3188.500000 796.000000
3223.001709 796.934814
3258.879883 798.574158
3293.000000 798.000000
3329.000000 797.500000
2335.500000 812.000000
2373.000000 812.000000
2409.000000 814.500000
2446.000000 813.500000
2482.000000 816.000000
2517.000000 817.000000
2552.000000 816.000000
2589.914795 820.236755
2627.039307 818.505615
2661.601074 821.785278
2696.500000 821.000000
2732.470947 821.479858
2767.567139 823.222900
2804.312988 824.304749
2838.986816 823.923157
2873.963135 824.460632
2908.490967 825.941589
2944.688477 825.744629
2980.000000 826.500000
3013.774170 825.955017
3049.924561 827.954712
3084.046387 827.570190
3120.308350 829.260315
3154.000000 831.000000
3189.500000 830.000000
3224.999023 830.557800
3259.429199 829.921509
3296.055908 832.999817
3329.000000 831.000000
2335.059570 846.231628
2371.054199 848.218445
2407.500000 849.500000
2444.000000 848.500000
2482.882324 850.692810
2517.032959 851.739868
2554.000000 851.000000
2590.028809 852.438171
2625.725830 853.212280
2661.003174 854.851501
2696.422363 853.880615
2733.131592 855.888916
2768.760254 856.475342
2804.653564 856.947754
2838.228760 857.373596
2874.500000 858.000000
2911.274902 860.043213
2946.211670 860.093506
2981.000000 860.000000
3015.744629 862.911316
3050.302734 860.844788
3085.031494 862.885132
3121.045166 860.968933
3156.000000 863.000000
3191.418213 864.212158
3226.742920 863.548096
3263.000000 863.500000
3297.500000 866.500000
3331.469971 866.080383
2335.456543 881.417786
2371.901611 882.181213
2409.055664 882.916809
2446.500000 882.500000
2481.702148 884.607361
2518.749023 886.801392
2556.016602 885.587036
2591.194580 887.670715
2626.375732 887.827515
2661.496338 887.186279
2698.389893 889.140259
2733.069336 889.092651
2769.000000 890.000000
2805.009521 891.469604
2841.831787 891.471497
2876.034668 892.925537
2910.674072 894.095825
2946.000000 894.500000
2981.875000 894.325684
3017.439941 895.025574
3052.493896 895.575684
3087.500000 897.000000
3122.500000 896.500000
3158.500000 897.000000
3193.624756 897.168640
3228.650879 898.469849
3262.202148 899.582642
3297.500000 900.000000
3334.057129 900.038208
2334.000000 916.500000
2371.996826 916.977295
2410.000000 917.000000
2446.458740 917.632080
2480.500000 920.500000
2518.002930 920.026611
2555.899170 921.467651
2591.566162 920.599609
2627.842773 922.749634
2663.010010 923.020447
2699.557373 924.464600
2734.701172 924.385132
2770.667480 924.997253
2806.162598 925.561279
2841.687988 926.382385
2877.047607 927.046570
2913.957031 928.655151
2948.500000 928.500000
2983.564453 929.029297
3018.806885 929.281738
3054.500000 929.500000
3088.906006 930.527161
3124.470703 930.929504
3159.950195 931.473877
3193.440186 931.339722
3231.519531 932.174072
3265.960693 933.984558
3300.521484 933.503479
3334.653809 933.026123
2334.104736 951.861938
2372.753906 952.804016
2408.500000 952.500000
2444.000000 954.500000
2482.901367 953.272339
2518.278320 954.459290
2554.049316 956.271973
2591.075439 956.054382
2627.968994 955.955627
2662.586182 956.409607
2698.325439 958.835449
2734.325928 958.075989
2771.052490 959.628113
2806.055908 959.276855
2842.544922 960.726196
2878.070801 961.478882
2912.747559 962.911194
2949.234375 962.740173
2985.000000 963.500000
3020.122559 963.894714
3054.511963 965.117188
3092.378662 965.631165
3125.205566 965.881165
3161.216064 965.643311
3196.842529 966.299805
3232.845459 967.721985
3266.577637 968.414917
3302.000000 968.000000
3337.500000 968.000000
2334.000000 986.500000
2370.997314 988.023621
2409.000000 987.500000
2446.000000 988.500000
2483.961182 989.607361
2518.767822 989.740540
2555.177002 990.467163
2591.535156 991.179199
2629.018311 992.444275
2664.388916 992.054565
2700.128174 992.899597
2736.071533 993.520264
2772.033691 994.064148
2807.634766 994.778442
2843.493652 995.533997
2878.032715 996.596558
2913.287842 996.178101
2950.429932 996.973816
2986.298584 997.787781
3021.372314 997.835815
3057.000000 999.000000
3092.645752 998.043152
3128.378418 1000.735291
3163.078125 1000.252502
3199.515625 1001.750427
3235.000000 1002.000000
3269.194092 1001.448181
3305.000000 1002.500000
3340.348877 1003.044922
2335.045410 1020.670898
2373.000000 1021.000000
2407.735840 1023.420227
2445.578857 1023.498169
2481.662598 1024.987915
2517.989990 1023.661194
2555.516602 1025.461426
2591.894775 1025.881348
2628.104980 1026.849854
2665.703613 1028.164673
2700.448975 1028.198242
2736.846436 1028.563477
2772.121338 1030.009399
2808.781982 1029.609863
2846.000000 1031.500000
2880.156250 1030.678711
2917.562744 1030.850220
2953.000000 1030.500000
2986.419189 1032.833252
3022.616699 1032.751953
3058.559082 1033.489624
3094.793457 1034.595337
3130.223633 1033.367310
3163.681885 1033.458496
3199.000000 1034.000000
3235.698975 1035.401611
3269.782471 1036.982788
3307.500000 1036.000000
3341.756104 1036.321655
