1493.659546 1245.497803
1520.957153 1245.088257
1547.314941 1244.692749
1574.708130 1244.281738
1602.093872 1243.870728
1629.504761 1243.459351
1657.095215 1243.045410
1684.244751 1242.637939
1711.223145 1242.233154
1738.354248 1241.826050
1765.450317 1241.419434
1792.398315 1241.015137
1819.822388 1240.603516
1846.381592 1240.204956
1873.359619 1239.800171
1900.147949 1239.398193
1926.937866 1238.996216
1953.561157 1238.596680
1980.170532 1238.197388
2007.154175 1237.792480
2033.745972 1237.393433
2060.350098 1236.994141
2087.137451 1236.592285
2113.413574 1236.197998
2140.172119 1235.796387
2167.144287 1235.391724
2193.435059 1234.997192
2220.062256 1234.597656
2246.761719 1234.197021
2273.068359 1233.802246
2300.060059 1233.397217
2324.598389 1233.029053
2349.965088 1232.648315
1493.816528 1218.587158
1521.106323 1218.193359
1547.433228 1217.813599
1574.824097 1217.418457
1602.200317 1217.023438
1629.606812 1216.628052
1657.173218 1216.230347
1684.323242 1215.838623
1711.316284 1215.449219
1738.425049 1215.058228
1765.516968 1214.667358
1792.458862 1214.278687
1819.850708 1213.883545
1846.426758 1213.500122
1873.383301 1213.111206
1900.162476 1212.724854
1926.961670 1212.338257
1953.575928 1211.954346
1980.190186 1211.570312
2007.150879 1211.181396
2033.733398 1210.797852
2060.337402 1210.414062
2087.110596 1210.027832
2113.403809 1209.648438
2140.153076 1209.262695
2167.081787 1208.874146
2193.387451 1208.494629
2220.005371 1208.110596
2246.675537 1207.725830
2272.997559 1207.346191
2299.949707 1206.957275
2324.548096 1206.602417
2349.910889 1206.236572
1493.972656 1191.810059
1521.254761 1191.430542
1547.550903 1191.064697
1574.939453 1190.683716
1602.306396 1190.302979
1629.708374 1189.921753
1657.250977 1189.538574
1684.401489 1189.160889
1711.408936 1188.785278
1738.495483 1188.408447
1765.583374 1188.031616
1792.519165 1187.656982
1819.878906 1187.276245
1846.471802 1186.906372
1873.406860 1186.531616
1900.177002 1186.159180
1926.985229 1185.786255
1953.590698 1185.416138
1980.209595 1185.045898
2007.147583 1184.671143
2033.721069 1184.301514
2060.324951 1183.931396
2087.083740 1183.559082
2113.394043 1183.193115
2140.134033 1182.821167
2167.019531 1182.447144
2193.340332 1182.080933
2219.948730 1181.710815
2246.589844 1181.340210
2272.927002 1180.973877
2299.839600 1180.599365
2324.498047 1180.256348
2349.856934 1179.903564
1494.131348 1164.565308
1521.405640 1164.229492
1547.670410 1163.906250
1575.056641 1163.569092
1602.413696 1163.232422
1629.811157 1162.895142
1657.329468 1162.556396
1684.480469 1162.222168
1711.502319 1161.889526
1738.566406 1161.556396
1765.650269 1161.223022
1792.579712 1160.891602
1819.907227 1160.555176
1846.516968 1160.227539
1873.430542 1159.896240
1900.191528 1159.566895
1927.008911 1159.236816
1953.605347 1158.909424
1980.229004 1158.581665
2007.144287 1158.250366
2033.708618 1157.923340
2060.312500 1157.595947
2087.057129 1157.266724
2113.384277 1156.942627
2140.115234 1156.613647
2166.957764 1156.283203
2193.293457 1155.958984
2219.892578 1155.631592
2246.505127 1155.303955
2272.857178 1154.979614
2299.731201 1154.648804
2324.448730 1154.344604
2349.804199 1154.032471
1494.289673 1137.413086
1521.556152 1137.092896
1547.789673 1136.784668
1575.173584 1136.463135
1602.521118 1136.141846
1629.914185 1135.820190
1657.408203 1135.497314
1684.559692 1135.178345
1711.596313 1134.860840
1738.637817 1134.543213
1765.717529 1134.225220
1792.640869 1133.908936
1819.935791 1133.588379
1846.562500 1133.275635
1873.454468 1132.959839
1900.206177 1132.645630
1927.032837 1132.330566
1953.620361 1132.018311
1980.248779 1131.705566
2007.140991 1131.389771
2033.696045 1131.077881
2060.299805 1130.765381
2087.030029 1130.451416
2113.374512 1130.142090
2140.095947 1129.828247
2166.894775 1129.513428
2193.245605 1129.203979
2219.835205 1128.891602
2246.418213 1128.579468
2272.785645 1128.269775
2299.619873 1127.954590
2324.397949 1127.663574
2349.749512 1127.365845
1494.444580 1110.842529
1521.703613 1110.514160
1547.906616 1110.198486
1575.288452 1109.868652
1602.626709 1109.539307
1630.015381 1109.209473
1657.485718 1108.878540
1684.637817 1108.551514
1711.688843 1108.225586
1738.708252 1107.900146
1765.783936 1107.573975
1792.701172 1107.249756
1819.963989 1106.921387
1846.607666 1106.600342
1873.478149 1106.276733
1900.220825 1105.954590
1927.056641 1105.631348
1953.635132 1105.311157
1980.268433 1104.990356
2007.137695 1104.666748
2033.683594 1104.346924
2060.287109 1104.026489
2087.002930 1103.704590
2113.364502 1103.387085
2140.076660 1103.065308
2166.831543 1102.743042
2193.197510 1102.425415
2219.777588 1102.105225
2246.331055 1101.785400
2272.713867 1101.467651
2299.507812 1101.144897
2324.347168 1100.845703
2349.694580 1100.540283
1494.599609 1084.257690
1521.851074 1083.945679
1548.023438 1083.646118
1575.403076 1083.332764
1602.731812 1083.019897
1630.116089 1082.706543
1657.562744 1082.392334
1684.715332 1082.081543
1711.780762 1081.771729
1738.778076 1081.462769
1765.849854 1081.152832
1792.760986 1080.844849
1819.991943 1080.533081
1846.652344 1080.228027
1873.501587 1079.920654
1900.235229 1079.614624
1927.080078 1079.307373
1953.649658 1079.003296
1980.287720 1078.698364
2007.134399 1078.390991
2033.671265 1078.087280
2060.274902 1077.782837
2086.976318 1077.477173
2113.354980 1077.175171
2140.057617 1076.869629
2166.769775 1076.563843
2193.150635 1076.261841
2219.721436 1075.957764
2246.245850 1075.654175
2272.644043 1075.351929
2299.398926 1075.045776
2324.297363 1074.760742
2349.641113 1074.470581
1494.761230 1056.530273
1522.004517 1056.280029
1548.144897 1056.040039
1575.521973 1055.788574
1602.840820 1055.537720
1630.220337 1055.286255
1657.642456 1055.034424
1684.795410 1054.785034
1711.875366 1054.536377
1738.849854 1054.288574
1765.917358 1054.040039
1792.822266 1053.792969
1820.020508 1053.543213
1846.697876 1053.298218
1873.525391 1053.051880
1900.249878 1052.806396
1927.103882 1052.559814
1953.664551 1052.315918
1980.307251 1052.071167
2007.131104 1051.824829
2033.658813 1051.581299
2060.262207 1051.336914
2086.949707 1051.091797
2113.345215 1050.849365
2140.038818 1050.604248
2166.708008 1050.359375
2193.103760 1050.116943
2219.665527 1049.873047
2246.161377 1049.629639
2272.574463 1049.387085
2299.290771 1049.141846
2324.248291 1048.912598
2349.588379 1048.679932
1494.910278 1030.957031
1522.146729 1030.643677
1548.257935 1030.343384
1575.633179 1030.028442
1602.943237 1029.714355
1630.318848 1029.399414
1657.718018 1029.084351
1684.871704 1028.771973
1711.965942 1028.460327
1738.918945 1028.150269
1765.982666 1027.838989
1792.881714 1027.529541
1820.048462 1027.217041
1846.742554 1026.910034
1873.548950 1026.601685
1900.264282 1026.294312
1927.127563 1025.985352
1953.679321 1025.679932
1980.326904 1025.373413
2007.127808 1025.065186
2033.646240 1024.760132
2060.249512 1024.454102
2086.922363 1024.147217
2113.335205 1023.843445
2140.019287 1023.536499
2166.644043 1023.230225
2193.055176 1022.926453
2219.606934 1022.621033
2246.072510 1022.316589
2272.501221 1022.012573
2299.176025 1021.705750
2324.196045 1021.417969
2349.531738 1021.126526
1495.069824 1003.583130
1522.298340 1003.318604
1548.377930 1003.065247
1575.750854 1002.799316
1603.051025 1002.534058
1630.421997 1002.268127
1657.796753 1002.002197
1684.950928 1001.738403
1712.059692 1001.475037
1738.990112 1001.213379
1766.049683 1000.950500
1792.942505 1000.689209
1820.076782 1000.425598
1846.787842 1000.166077
1873.572632 999.905884
1900.278809 999.646362
1927.151245 999.385315
1953.693970 999.127441
1980.346313 998.868530
2007.124512 998.608337
2033.633911 998.350830
2060.237061 998.092346
2086.895752 997.833374
2113.325439 997.576599
2140.000244 997.317444
2166.582275 997.059204
2193.008301 996.802429
2219.551025 996.544556
2245.987793 996.287720
2272.431641 996.030823
2299.067871 995.772034
2324.146729 995.528381
2349.479004 995.282288
1495.225342 976.922119
1522.446167 976.664673
1548.495117 976.418274
1575.865845 976.159363
1603.156616 975.901184
1630.523315 975.642334
1657.874268 975.383606
1685.028931 975.126770
1712.152222 974.870239
1739.060425 974.615662
1766.115967 974.359741
1793.002808 974.105408
1820.104980 973.849060
1846.832764 973.596252
1873.596191 973.343079
1900.293335 973.090576
1927.174927 972.836304
1953.708740 972.585327
1980.365845 972.333130
2007.121338 972.080078
2033.621460 971.829407
2060.224609 971.577759
2086.869141 971.325684
2113.315674 971.075562
2139.981201 970.823303
2166.519775 970.572266
2192.960938 970.322205
2219.494141 970.071228
2245.901611 969.821411
2272.360596 969.571106
2298.957275 969.319519
2324.096436 969.081726
2349.424805 968.842163
1495.382202 949.997498
1522.595337 949.773621
1548.613281 949.559631
1575.981689 949.334473
1603.262939 949.110046
1630.625000 948.884949
1657.952026 948.660156
1685.107178 948.436768
1712.244751 948.213562
1739.130859 947.992371
1766.182251 947.769836
1793.062866 947.548706
1820.133057 947.326050
1846.877563 947.106018
1873.619751 946.886047
1900.307861 946.666504
1927.198364 946.445312
1953.723389 946.227112
1980.385132 946.007751
2007.118042 945.787842
2033.609131 945.569946
2060.212158 945.351074
2086.842529 945.132019
2113.306152 944.914368
2139.962402 944.695068
2166.458252 944.477112
2192.914307 944.259460
2219.438232 944.041260
2245.817139 943.824280
2272.291260 943.606506
2298.849121 943.388000
2324.047119 943.180725
2349.371826 942.972412
1495.536377 923.550537
1522.741943 923.341675
1548.729492 923.142212
1576.095703 922.932129
1603.367554 922.722778
1630.725342 922.512817
1658.028809 922.303223
1685.184448 922.094788
1712.336304 921.886353
1739.200317 921.680115
1766.247803 921.472534
1793.122437 921.266235
1820.160889 921.058655
1846.921997 920.853271
1873.643066 920.648132
1900.322144 920.443359
1927.221680 920.236877
1953.737915 920.033325
1980.404419 919.828613
2007.114746 919.623596
2033.596924 919.420349
2060.199951 919.216125
2086.816162 919.011841
2113.296631 918.808533
2139.943604 918.604004
2166.396729 918.400940
2192.867432 918.197754
2219.382324 917.994202
2245.732422 917.791931
2272.221436 917.588623
2298.740479 917.385071
2323.997803 917.191162
2349.318604 916.996826
1495.690918 897.052063
1522.889038 896.834534
1548.846191 896.626953
1576.210205 896.408081
1603.472778 896.190063
1630.826294 895.971313
1658.106079 895.753174
1685.262207 895.535950
1712.428589 895.318726
1739.270630 895.104004
1766.314087 894.887756
1793.182617 894.672852
1820.189087 894.456909
1846.967041 894.242737
1873.666748 894.029175
1900.336670 893.815918
1927.245483 893.600708
1953.752686 893.388733
1980.423950 893.175415
2007.111450 892.961975
2033.584351 892.750244
2060.187256 892.537476
2086.789062 892.324768
2113.286621 892.112854
2139.924316 891.899780
2166.333740 891.688599
2192.819580 891.476746
2219.324707 891.264771
2245.645508 891.054260
2272.149902 890.842285
2298.628906 890.630554
2323.947021 890.428040
2349.263672 890.225586
1495.848145 870.077881
1523.038452 869.907410
1548.964478 869.744812
1576.326050 869.573303
1603.578979 869.402405
1630.927979 869.230957
1658.183716 869.060059
1685.340332 868.889832
1712.520996 868.719421
1739.340698 868.551270
1766.380249 868.381714
1793.242554 868.213318
1820.217041 868.044189
1847.011719 867.876221
1873.690063 867.708923
1900.351074 867.541748
1927.268799 867.372986
1953.767212 867.206909
1980.443115 867.039612
2007.108276 866.872437
2033.572144 866.706543
2060.175049 866.539734
2086.762939 866.373047
2113.277100 866.206787
2139.905762 866.039856
2166.272949 865.874512
2192.773438 865.708374
2219.269531 865.542297
2245.561768 865.377441
2272.081299 865.211182
2298.521973 865.045410
2323.898438 864.886292
2349.211426 864.727600
1496.004883 843.206421
1523.187378 843.058838
1549.082397 842.918213
1576.441895 842.769653
1603.685181 842.621765
1631.029663 842.473328
1658.261597 842.325439
1685.418701 842.177979
1712.613770 842.030334
1739.411255 841.884827
1766.446655 841.738037
1793.302856 841.592224
1820.245239 841.445923
1847.056641 841.300415
1873.713623 841.155640
1900.365479 841.010925
1927.292358 840.864746
1953.781860 840.720947
1980.462646 840.576050
2007.104980 840.431396
2033.559814 840.287781
2060.162598 840.143311
2086.736328 839.999023
2113.267334 839.854980
2139.886719 839.710449
2166.210938 839.567566
2192.726318 839.423584
2219.213135 839.279785
2245.476562 839.137146
2272.010986 838.993103
2298.412598 838.849731
2323.848633 838.711670
2349.157959 838.574219
1496.161133 816.386353
1523.335938 816.260620
1549.200195 816.140930
1576.557373 816.014343
1603.791260 815.888306
1631.131226 815.761841
1658.339233 815.635925
1685.496826 815.510254
1712.706299 815.384338
1739.481567 815.260437
1766.512939 815.135376
1793.363037 815.011108
1820.273315 814.886597
1847.101562 814.762451
1873.737183 814.639221
1900.380005 814.515930
1927.316040 814.391296
1953.796631 814.268738
1980.482056 814.145264
2007.101685 814.022095
2033.547485 813.899719
2060.150146 813.776611
2086.709473 813.653748
2113.257812 813.530884
2139.867920 813.407715
2166.148926 813.286133
2192.679443 813.163391
2219.156738 813.040894
2245.391113 812.919495
2271.940918 812.796631
2298.303223 812.674622
2323.798828 812.556641
2349.104492 812.439575
1496.313477 790.265137
1523.480957 790.124878
1549.315308 789.991577
1576.670410 789.850342
1603.895020 789.709839
1631.230835 789.568787
1658.415527 789.428467
1685.573730 789.288269
1712.797485 789.147766
1739.550903 789.009705
1766.578369 788.870239
1793.422607 788.731689
1820.301147 788.592957
1847.146118 788.454407
1873.760620 788.317017
1900.394409 788.179565
1927.339478 788.040527
1953.811157 787.903870
1980.501343 787.766113
2007.098389 787.628845
2033.535034 787.492432
2060.137695 787.355103
2086.682861 787.218079
2113.248047 787.080994
2139.848633 786.943665
2166.086426 786.808289
2192.631836 786.671265
2219.099854 786.534668
2245.304932 786.399414
2271.869629 786.262329
2298.192383 786.126465
2323.748291 785.994568
2349.049805 785.863953
1496.470215 763.369934
1523.630005 763.269836
1549.433228 763.174744
1576.786011 763.073914
1604.001099 762.973633
1631.332397 762.872925
1658.493164 762.772827
1685.651733 762.672729
1712.889893 762.572388
1739.621094 762.473877
1766.644409 762.374268
1793.482544 762.275391
1820.329102 762.176453
1847.190674 762.077515
1873.783936 761.979492
1900.408813 761.881348
1927.362793 761.782043
1953.825806 761.684509
1980.520630 761.586182
2007.095215 761.488220
2033.522827 761.390808
2060.125244 761.292786
2086.656494 761.195007
2113.238281 761.097046
2139.830078 760.999084
2166.025391 760.902527
2192.585449 760.804688
2219.044434 760.707153
2245.220947 760.610718
2271.800781 760.512756
2298.084961 760.415894
2323.699463 760.321472
2348.997314 760.228271
1496.625244 736.774353
1523.777466 736.686218
1549.550171 736.602539
1576.900635 736.513794
1604.106445 736.425537
1631.433350 736.336853
1658.570312 736.248779
1685.729492 736.160645
1712.981934 736.072205
1739.691040 735.985535
1766.710449 735.897827
1793.542480 735.810791
1820.357178 735.723755
1847.235474 735.636536
1873.807495 735.550293
1900.423218 735.463867
1927.386353 735.376404
1953.840332 735.290527
1980.540039 735.203918
2007.091919 735.117737
2033.510498 735.031982
2060.112793 734.945679
2086.629883 734.859619
2113.228760 734.773315
2139.811035 734.687012
2165.963379 734.602173
2192.538574 734.515930
2218.988037 734.430054
2245.135498 734.345215
2271.730469 734.258972
2297.975586 734.173767
2323.649658 734.090454
2348.943604 734.008362
1496.779785 710.262390
1523.924438 710.193665
1549.666626 710.128540
1577.014893 710.059265
1604.211182 709.990479
1631.533813 709.921265
1658.647095 709.852661
1685.806763 709.783875
1713.073486 709.714844
1739.760742 709.647278
1766.776001 709.578857
1793.602051 709.510986
1820.385010 709.443176
1847.279907 709.375122
1873.830811 709.307861
1900.437500 709.240540
1927.409668 709.172241
1953.854858 709.105286
1980.559204 709.037659
2007.088745 708.970520
2033.498169 708.903687
2060.100586 708.836304
2086.603516 708.769226
2113.218994 708.701843
2139.792236 708.634583
2165.902100 708.568481
2192.491943 708.501160
2218.932129 708.434204
2245.051025 708.368103
2271.660889 708.300720
2297.867188 708.234375
2323.600342 708.169250
2348.890625 708.105225
1496.935181 683.622375
1524.072021 683.571960
1549.783691 683.524170
1577.129639 683.473328
1604.316650 683.422791
1631.634766 683.372009
1658.724365 683.321655
1685.884521 683.271179
1713.165527 683.220459
1739.830688 683.170898
1766.842041 683.120667
1793.661865 683.070801
1820.412964 683.021118
1847.324585 682.971069
1873.854248 682.921753
1900.451904 682.872314
1927.433105 682.822144
1953.869507 682.773010
1980.578491 682.723389
2007.085449 682.674072
2033.485962 682.625000
2060.088135 682.575562
2086.576904 682.526367
2113.209473 682.476807
2139.773438 682.427429
2165.840332 682.379028
2192.445068 682.329529
2218.875977 682.280396
2244.966064 682.231873
2271.591064 682.182434
2297.758301 682.133789
2323.550781 682.085815
2348.837158 682.038818
1497.091064 656.882996
1524.220215 656.857788
1549.901001 656.833984
1577.244873 656.808594
1604.422241 656.783325
1631.735962 656.758057
1658.801758 656.732910
1685.962402 656.707703
1713.257812 656.682373
1739.900757 656.657654
1766.908081 656.632568
1793.721802 656.607666
1820.441040 656.582947
1847.369263 656.557922
1873.877686 656.533325
1900.466309 656.508667
1927.456543 656.483582
1953.884155 656.459106
1980.597900 656.434326
2007.082153 656.409668
2033.473633 656.385193
2060.075684 656.360535
2086.550537 656.335938
2113.199707 656.311279
2139.754639 656.286560
2165.778564 656.262451
2192.398193 656.237732
2218.819824 656.213196
2244.881348 656.189026
2271.521240 656.164307
2297.649658 656.140015
2323.501221 656.116028
2348.784180 656.092590
1497.245850 630.327393
1524.367432 630.321533
1550.017700 630.315918
1577.359253 630.309998
1604.527222 630.304077
1631.836548 630.298157
1658.878784 630.292236
1686.039795 630.286377
1713.349487 630.280396
1739.970459 630.274658
1766.973755 630.268799
1793.781494 630.262939
1820.468872 630.257141
1847.413818 630.251343
1873.901001 630.245544
1900.480713 630.239746
1927.479980 630.233887
1953.898682 630.228149
1980.617065 630.222412
2007.078979 630.216553
2033.461304 630.210876
2060.063477 630.205078
2086.523926 630.199341
2113.190186 630.193542
2139.735840 630.187744
2165.717285 630.182129
2192.351562 630.176392
2218.763916 630.170593
2244.796631 630.164917
2271.451660 630.159180
2297.541260 630.153503
2323.451904 630.147827
2348.730957 630.142334
1497.395874 604.596680
1524.510132 604.609375
1550.130737 604.621460
1577.470093 604.634277
1604.629028 604.646973
1631.934082 604.659790
1658.953247 604.672485
1686.114868 604.685242
1713.438354 604.698059
1740.037964 604.710571
1767.037476 604.723267
1793.839355 604.735840
1820.495850 604.748291
1847.456909 604.760986
1873.923584 604.773438
1900.494629 604.785889
1927.502563 604.798584
1953.912720 604.810913
1980.635742 604.823486
2007.075806 604.835876
2033.449463 604.848267
2060.051514 604.860718
2086.498291 604.873169
2113.180664 604.885742
2139.717529 604.898132
2165.657471 604.910278
2192.306396 604.922852
2218.709717 604.935242
2244.714600 604.947388
2271.384033 604.959961
2297.436035 604.972168
2323.404053 604.984375
2348.679443 604.996216
