2340.500000 1669.000000
2379.000000 1668.500000
2416.893066 1671.433838
2455.000000 1673.000000
2493.500000 1674.000000
2532.000000 1676.000000
2570.500000 1678.500000
2608.000000 1679.000000
2647.000000 1682.000000
2685.668213 1682.844849
2722.153809 1684.026855
2760.500000 1684.000000
2798.500000 1687.500000
2836.153809 1688.747314
2872.000000 1689.000000
2909.500000 1690.500000
2947.333740 1690.372192
2984.566895 1693.056030
3021.500000 1694.500000
3060.489258 1696.788208
3095.500000 1696.500000
3133.000000 1698.000000
3170.000000 1699.000000
3206.000000 1701.000000
3242.500000 1700.000000
3280.000000 1703.000000
3317.500000 1703.500000
3355.500000 1704.000000
3391.580322 1706.049927
2340.000000 1706.500000
2379.000000 1708.000000
2418.000000 1710.000000
2456.000000 1711.500000
2493.068604 1712.658813
2532.648438 1714.514893
2570.500000 1716.500000
2609.500000 1718.500000
2647.447510 1719.553345
2685.000000 1721.000000
2722.800781 1722.365601
2761.444336 1723.080811
2798.038330 1724.940674
2835.500000 1726.500000
2871.139404 1727.078491
2910.500000 1729.000000
2948.000000 1730.500000
2985.500000 1732.000000
3022.500000 1733.000000
3059.500000 1733.500000
3097.500000 1735.000000
3134.000000 1736.000000
3171.500000 1737.500000
3209.500000 1739.500000
3246.500000 1738.000000
3282.000000 1740.500000
3319.000000 1742.000000
3355.931396 1743.003906
3392.500000 1744.000000
2340.412354 1746.254272
2380.010498 1747.001831
2418.500000 1749.000000
2458.425537 1751.924072
2496.929688 1751.432861
2535.000000 1752.500000
2572.000000 1755.500000
2610.035400 1756.474243
2648.278076 1758.181763
2686.500000 1759.500000
2723.500000 1760.500000
2761.564209 1762.558228
2799.677002 1763.636108
2838.191406 1766.327637
2874.500000 1766.500000
2912.500000 1767.500000
2949.500000 1769.000000
2986.500000 1770.500000
3024.500000 1772.000000
3061.000000 1772.500000
3098.500000 1774.000000
3135.543213 1775.051636
3173.000000 1776.500000
3209.000000 1778.000000
3245.000000 1777.000000
3283.500000 1779.500000
3320.000000 1779.500000
3356.500000 1781.500000
3393.500000 1781.000000
2342.226562 1784.856201
2380.500000 1786.000000
2419.500000 1788.500000
2458.614258 1788.942993
2496.000000 1791.500000
2534.976074 1793.092041
2574.241943 1795.538086
2611.500000 1795.500000
2648.500000 1797.500000
2687.000000 1798.000000
2726.114258 1800.965454
2763.035156 1801.455322
2801.700439 1803.676636
2837.500000 1803.500000
2875.500000 1805.000000
2913.500000 1806.500000
2950.500000 1807.500000
2988.000000 1809.000000
3024.903320 1810.216797
3062.500000 1811.000000
3099.000000 1812.500000
3137.000000 1813.000000
3173.500000 1814.500000
3212.500000 1817.000000
3248.500000 1816.000000
3282.105225 1818.127686
3321.000000 1818.500000
3359.500000 1820.000000
3397.000000 1819.000000
2343.953613 1822.968018
2382.500000 1825.000000
2420.500000 1827.000000
2458.978271 1828.539185
2496.703369 1831.846191
2536.000000 1831.500000
2574.469727 1833.294434
2611.500000 1835.000000
2650.000000 1835.000000
2689.645752 1838.099731
2726.500000 1839.000000
2764.000000 1840.000000
2802.500000 1842.500000
2839.500000 1842.000000
2876.000000 1843.000000
2915.000000 1844.500000
2952.000000 1846.000000
2989.000000 1847.500000
3026.500000 1848.500000
3064.000000 1849.500000
3101.780273 1850.727539
3138.000000 1851.500000
3175.500000 1853.500000
3212.000000 1854.000000
3250.500000 1856.000000
3287.500000 1854.500000
3323.620117 1857.194458
3361.000000 1857.500000
3397.500000 1859.000000
2344.133545 1862.949829
2382.000000 1864.000000
2421.402344 1865.980469
2459.038574 1868.582031
2497.617676 1867.586182
2536.468994 1872.087524
2574.909668 1872.018433
2614.396240 1872.282837
2652.500000 1874.000000
2690.630615 1874.771851
2726.500000 1878.000000
2765.000000 1878.500000
2803.000000 1880.000000
2839.509766 1882.343872
2879.000000 1881.500000
2916.000000 1884.000000
2954.452393 1885.899292
2990.818604 1886.226807
3028.000000 1887.000000
3065.000000 1888.000000
3101.529053 1887.793091
3139.500000 1890.500000
3176.500000 1891.500000
3214.000000 1892.500000
3250.000000 1893.500000
3287.500000 1894.000000
3325.500000 1894.500000
3361.500000 1895.500000
3398.500000 1897.000000
2345.919922 1901.431885
2385.160400 1905.305420
2423.500000 1906.000000
2462.000000 1906.000000
2499.505615 1908.481934
2539.002197 1910.741577
2576.335449 1911.494263
2614.000000 1913.000000
2651.264160 1914.647705
2690.000000 1915.500000
2727.332031 1917.761597
2766.500000 1917.000000
2803.500000 1918.000000
2841.000000 1920.500000
2879.500000 1921.000000
2917.500000 1922.000000
2954.000000 1923.000000
2991.000000 1925.000000
3028.500000 1925.000000
3066.000000 1927.000000
3103.000000 1927.000000
3140.500000 1929.000000
3177.000000 1928.500000
3214.500000 1931.000000
3252.000000 1932.000000
3289.500000 1932.500000
3325.500000 1932.500000
3361.314697 1934.007324
3400.000000 1934.500000
2346.000000 1941.000000
2384.500000 1943.500000
2423.500000 1944.500000
2462.500000 1947.000000
2501.689697 1949.024780
2540.039062 1946.856689
2577.500000 1950.000000
2616.000000 1952.000000
2655.017334 1953.862183
2692.000000 1954.500000
2729.500000 1955.000000
2768.000000 1957.000000
2803.893066 1956.600098
2842.000000 1958.000000
2881.841064 1961.433350
2918.000000 1961.000000
2955.000000 1962.500000
2994.000000 1964.000000
3031.000000 1963.500000
3068.500000 1966.000000
3106.000000 1965.500000
3143.000000 1968.000000
3180.000000 1967.500000
3216.500000 1969.500000
3255.397217 1970.820923
3290.500000 1970.500000
3327.500000 1972.000000
3365.000000 1973.500000
3401.500000 1973.500000
2346.327637 1980.981323
2386.637207 1983.734619
2424.477051 1983.971924
2463.555176 1986.945923
2501.475830 1986.478149
2541.000000 1986.500000
2578.474854 1989.557129
2615.500000 1991.000000
2653.557129 1992.669678
2694.257324 1994.155762
2730.500000 1993.500000
2768.413330 1995.123657
2807.000000 1997.000000
2844.500000 1997.000000
2881.000000 1998.000000
2919.000000 2000.000000
2957.000000 2001.000000
2995.000000 2001.500000
3031.500000 2002.500000
3069.500000 2003.500000
3106.500000 2005.000000
3144.000000 2005.500000
3180.500000 2006.500000
3218.000000 2007.500000
3255.500000 2009.000000
3291.000000 2010.000000
3328.500000 2009.500000
3366.069336 2011.025391
3402.943359 2011.478516
2347.000000 2020.500000
2386.500000 2021.500000
2424.500000 2023.500000
2463.000000 2023.500000
2502.172363 2025.703979
2540.395264 2028.824097
2578.500000 2029.000000
2618.000000 2029.500000
2656.500000 2030.000000
2693.902100 2031.228638
2731.500000 2033.000000
2770.027832 2034.460938
2806.500000 2036.000000
2845.500000 2036.500000
2884.000000 2036.500000
2920.162598 2038.197754
2958.000000 2039.500000
2995.500000 2040.500000
3034.715576 2043.182007
3070.500000 2042.500000
3109.073486 2045.329956
3146.073975 2042.867432
3183.847168 2046.427246
3219.000000 2045.500000
3256.000000 2047.000000
3294.500000 2048.500000
3332.000000 2047.000000
3368.000000 2050.000000
3404.500000 2050.500000
2348.522705 2059.988281
2386.916504 2060.964844
2426.000000 2062.500000
2465.500000 2062.500000
2503.686279 2065.100342
2543.080322 2067.632568
2581.000000 2068.000000
2619.924072 2069.900635
2656.909912 2069.393799
2693.947510 2070.245850
2732.979980 2072.575439
2771.000000 2073.000000
2810.000000 2075.000000
2847.000000 2074.500000
2883.065186 2077.488037
2922.000000 2077.500000
2959.500000 2078.500000
2998.392334 2080.944336
3034.474121 2080.459717
3072.000000 2081.000000
3109.000000 2082.000000
3146.500000 2083.000000
3183.659180 2084.197998
3221.069824 2084.551514
3257.500000 2085.500000
3295.000000 2086.500000
3331.224854 2087.603271
3369.500000 2088.000000
3406.500000 2088.500000
2349.392578 2099.258789
2389.000000 2101.000000
2427.866699 2103.227295
2465.693848 2103.128906
2503.000000 2105.000000
2543.990234 2104.485596
2582.661133 2107.780762
2620.930908 2106.654297
2659.186523 2109.981201
2696.500000 2110.500000
2734.842773 2110.327148
2772.500000 2112.500000
2810.000000 2113.000000
2847.500000 2114.000000
2886.655762 2116.608154
2923.500000 2116.500000
2961.890869 2119.177002
2998.500000 2118.500000
3035.500000 2119.000000
3073.448730 2120.027588
3111.000000 2120.500000
3147.500000 2121.500000
3184.500000 2123.000000
3222.500000 2124.000000
3258.500977 2124.552734
3296.500000 2124.500000
3333.000000 2126.000000
3370.500000 2126.000000
3408.000000 2127.000000
2349.500000 2138.500000
2388.790527 2139.890381
2428.000000 2141.000000
2467.364014 2143.854004
2504.411133 2145.012207
2543.801758 2144.566650
2581.500000 2145.000000
2620.000000 2147.000000
2658.188965 2149.640137
2698.637451 2150.502930
2734.403564 2152.005371
2773.844482 2153.053711
2811.500000 2152.500000
2849.979980 2154.885742
2886.992920 2154.527100
2924.500000 2155.000000
2962.194824 2156.122314
3000.000000 2157.000000
3037.000000 2157.500000
3074.500000 2158.500000
3111.500000 2159.000000
3149.000000 2160.500000
3186.500000 2161.500000
3223.000000 2162.000000
3260.522461 2162.586914
3298.000000 2163.500000
3334.245117 2165.688965
3372.500000 2165.000000
3409.500000 2166.000000
2352.000000 2177.000000
2388.490234 2180.239258
2429.959229 2182.136475
2467.500000 2181.500000
2506.000000 2183.000000
2545.208496 2184.332520
2584.000000 2184.500000
2621.090576 2187.859375
2661.297119 2188.040771
2698.460693 2188.409912
2736.000000 2189.500000
2774.000000 2189.500000
2811.500000 2192.000000
2849.166260 2193.130615
2888.500000 2192.500000
2926.000000 2194.500000
2963.000000 2195.000000
3000.500000 2195.500000
3037.500000 2197.000000
3075.000000 2196.500000
3114.421143 2199.728760
3150.000000 2198.500000
3189.450684 2201.346680
3225.500000 2201.000000
3262.511475 2200.011719
3299.500000 2202.000000
3336.500000 2203.000000
3374.000000 2203.500000
3410.500000 2204.500000
2351.500000 2218.000000
2390.500000 2219.000000
2429.500000 2220.500000
2469.830322 2222.583496
2507.500000 2222.500000
2545.773193 2223.341309
2584.384033 2224.421143
2623.818359 2226.938965
2661.000000 2226.000000
2699.118896 2227.471680
2737.685303 2228.638672
2777.783203 2230.156006
2814.772705 2229.499268
2851.500000 2231.000000
2888.000000 2231.500000
2927.998535 2234.210205
2963.138184 2235.158936
3002.007080 2234.527832
3040.000000 2236.000000
3078.000000 2235.500000
3115.500000 2238.000000
3152.500000 2237.000000
3188.135742 2240.427002
3225.500000 2240.000000
3263.000000 2239.000000
3301.000000 2241.000000
3337.969238 2240.924316
3376.000000 2242.000000
3412.500000 2242.500000
2351.000000 2258.500000
2390.000000 2258.000000
2430.285889 2259.546387
2470.056152 2260.223145
2508.500000 2261.500000
2547.000000 2262.500000
2586.700439 2264.993408
2623.500000 2264.000000
2663.685791 2266.855225
2701.000000 2267.500000
2739.500000 2266.500000
2776.500000 2268.500000
2814.500000 2269.500000
2853.500000 2271.000000
2891.000000 2270.500000
2928.000000 2271.500000
2966.000000 2273.000000
3003.541260 2273.532715
3041.000000 2274.500000
3078.521973 2275.005615
3115.500000 2276.000000
3154.484619 2275.390137
3191.438477 2279.069580
3228.452393 2278.741943
3266.500000 2278.000000
3302.500000 2279.500000
3338.500000 2281.000000
3376.000000 2280.000000
3414.000000 2281.500000
2353.500000 2298.000000
2393.000000 2297.500000
2431.500000 2299.500000
2471.500000 2299.000000
2509.000000 2301.000000
2549.080078 2303.779053
2585.434814 2304.754883
2626.049072 2305.493896
2662.500000 2304.500000
2702.777588 2307.224121
2739.818115 2306.962402
2778.978760 2309.047363
2816.000000 2309.000000
2853.561035 2309.486572
2891.000000 2309.500000
2929.037354 2311.041504
2967.521484 2311.967285
3005.055664 2312.554199
3042.500000 2313.500000
3079.500000 2314.500000
3117.500000 2314.500000
3154.249512 2315.472168
3191.500000 2316.000000
3230.000000 2317.000000
3267.000000 2318.000000
3304.500000 2318.500000
3342.000000 2319.500000
3378.948486 2318.933838
3416.000000 2320.000000
2354.047607 2337.046631
2393.071289 2339.722656
2432.500000 2339.000000
2471.240723 2340.386719
2508.824463 2339.713135
2548.760010 2341.774902
2587.133545 2342.197021
2626.089111 2343.633057
2664.224121 2344.256836
2702.819580 2345.462402
2740.186035 2346.050781
2778.500000 2346.500000
2816.558105 2347.822998
2855.500000 2349.500000
2893.000000 2349.000000
2930.000000 2349.000000
2969.000000 2350.500000
3006.500000 2352.000000
3041.078613 2351.739014
3081.000000 2352.500000
3119.000000 2353.500000
3157.500000 2355.500000
3194.000000 2355.000000
3230.500000 2355.500000
3268.000000 2357.000000
3306.000000 2357.500000
3343.500000 2357.500000
3380.518555 2358.502197
3418.000000 2359.000000
2354.035400 2377.836670
2394.000000 2377.500000
2433.000000 2379.000000
2471.500000 2380.000000
2511.208252 2380.653076
2549.576660 2381.125732
2587.403809 2384.022705
2628.463867 2384.261963
2665.515625 2384.009277
2702.788818 2383.379639
2741.500000 2385.000000
2781.000000 2385.500000
2818.000000 2386.500000
2855.000000 2388.500000
2892.867676 2389.633301
2933.000000 2388.500000
2968.630371 2391.100342
3007.500000 2391.000000
3046.500000 2393.000000
3084.000000 2391.500000
3120.693604 2393.367432
3157.830811 2393.864990
3195.500000 2394.500000
3233.500000 2394.000000
3268.680176 2397.555420
3308.133789 2397.259277
3344.500000 2396.500000
3381.990723 2397.502197
3419.000000 2397.500000
2354.000000 2418.000000
2395.250977 2416.202148
2432.799316 2417.510254
2472.500000 2419.500000
2513.141846 2421.297363
2550.277588 2420.147705
2588.323486 2420.677246
2626.460693 2423.659424
2665.083984 2422.217529
2705.500000 2424.500000
2742.086670 2423.513184
2782.718506 2424.494873
2820.000000 2426.000000
2859.026367 2426.427002
2895.449707 2427.523682
2932.000000 2427.500000
2971.323730 2429.405518
3008.730225 2430.298096
3046.500000 2430.500000
3084.500000 2431.500000
3121.519043 2432.020508
3159.718750 2432.955811
3197.500000 2433.000000
3234.000000 2433.500000
3271.500000 2435.000000
3309.000000 2435.000000
3346.000000 2436.000000
3383.500000 2436.000000
3420.300293 2437.764404
2356.304688 2457.201660
2395.500000 2457.500000
2434.813721 2458.619141
2474.738281 2460.617676
2511.500000 2459.000000
2551.468262 2460.542236
2589.220459 2462.960449
2628.962402 2462.180420
2666.174561 2464.303955
2705.905029 2463.567627
2743.337158 2465.838135
2782.456055 2464.952637
2821.154297 2466.044678
2859.797363 2468.006592
2897.000000 2467.500000
2936.000000 2466.500000
2972.533447 2468.513184
3010.242188 2469.212158
3048.000000 2470.000000
3085.500000 2471.000000
3123.500000 2471.500000
3161.000000 2472.000000
3198.000000 2472.000000
3235.959473 2473.010742
3273.500000 2474.500000
3310.980225 2474.295654
3347.915527 2475.001709
3384.500000 2476.000000
3423.000000 2477.000000
