1538.241699 1067.373535
1566.029663 1066.736816
1593.348755 1068.544189
1620.835693 1069.378296
1648.614136 1069.807495
1676.380371 1070.946899
1704.138672 1072.441406
1731.206421 1072.522949
1759.316406 1074.368896
1787.224121 1074.686768
1813.551270 1075.260010
1841.248657 1074.961182
1868.623291 1077.169800
1895.795166 1077.780762
1921.687134 1077.698975
1948.744995 1078.490723
1976.088257 1078.124268
2002.924316 1079.758911
2029.576538 1080.515015
2057.691406 1081.855835
2083.008057 1081.396118
2110.071533 1082.187988
2136.791260 1082.628662
2162.755127 1083.786621
2189.185059 1082.810791
2216.199707 1084.667847
2243.305176 1084.750000
2270.774658 1084.828491
2296.797363 1086.021484
1537.568604 1093.975098
1565.655151 1094.754761
1593.737671 1095.888672
1621.104614 1096.675537
1647.805542 1097.227783
1676.308472 1098.255737
1703.563354 1099.387207
1731.645752 1100.521118
1758.985474 1100.992554
1786.034668 1101.744995
1813.265381 1102.438477
1841.118286 1102.665527
1867.470581 1103.717529
1894.455566 1104.550659
1920.150024 1104.702759
1948.497559 1105.778442
1975.513916 1106.569458
2002.530640 1107.360352
2029.201782 1107.801025
2055.889160 1107.887939
2083.270508 1108.675171
2109.585938 1109.119751
2136.608154 1109.910645
2163.974854 1111.052124
2190.742676 1109.723389
2216.289062 1111.236816
2242.954590 1112.031738
2269.589844 1112.475830
2295.965332 1112.917114
1537.534790 1122.079834
1566.013428 1122.323242
1593.683716 1123.457520
1622.375977 1125.234985
1650.087158 1124.612183
1677.469727 1125.092285
1704.054321 1126.944336
1731.414307 1127.359253
1758.912842 1128.290161
1786.403320 1128.946533
1813.022095 1129.387085
1840.386719 1130.567017
1867.807007 1131.054688
1895.481201 1132.677979
1921.625732 1132.539673
1948.971069 1132.973267
1975.584717 1133.766846
2002.198975 1134.560547
2029.534424 1135.346924
2055.819092 1135.438721
2082.796631 1136.228760
2109.459473 1136.705688
2136.409180 1137.459717
2162.307861 1138.260620
2188.294678 1137.297852
2215.963379 1138.786499
2242.281494 1138.525513
2268.526855 1139.675659
2295.230469 1139.058350
1538.517822 1149.272583
1565.996460 1149.805298
1593.983887 1151.286987
1622.076294 1151.320435
1648.902832 1152.853760
1676.883789 1153.696899
1705.060913 1155.138794
1731.834229 1154.847290
1758.390503 1155.991577
1786.052246 1156.069702
1814.110352 1157.878174
1840.640381 1157.960693
1868.389648 1159.248657
1894.132446 1158.870728
1921.421753 1159.656006
1948.711670 1160.441406
1975.296021 1160.882446
2002.228149 1161.671631
2028.739258 1162.265747
2055.763672 1162.550049
2081.979248 1163.346313
2109.306396 1163.428589
2135.524414 1164.224976
2163.508057 1165.707031
2189.453613 1164.748535
2213.568115 1166.006958
2241.554688 1165.993164
2269.217529 1166.775635
2296.259277 1165.806519
1539.439087 1176.036743
1567.062378 1177.190308
1594.293701 1178.325317
1621.873291 1179.133789
1648.890137 1181.187378
1677.082397 1180.668091
1704.653931 1181.655396
1731.194214 1182.590942
1758.818604 1182.319946
1787.212646 1184.214722
1813.643433 1184.586670
1840.537231 1185.024170
1868.118408 1186.506348
1894.689941 1185.895630
1920.871094 1186.340210
1948.836792 1187.117676
1975.366943 1187.909546
2001.897827 1188.701294
2028.802490 1189.138916
2055.708740 1189.576538
2082.811035 1190.171753
2108.808105 1190.458984
2135.687256 1191.597778
2161.897705 1191.692139
2189.495850 1192.824097
2216.141602 1191.512573
2242.006592 1193.148193
2268.865967 1193.099976
2295.049316 1193.895630
1539.234497 1204.036377
1566.335205 1204.506226
1594.527710 1205.615845
1621.447998 1207.171875
1649.087524 1206.206421
1676.852295 1209.082275
1704.385620 1208.765747
1732.666748 1208.675171
1759.936279 1209.609985
1787.242432 1209.883667
1812.882690 1211.890259
1840.461060 1211.971436
1867.661865 1212.754883
1893.776733 1214.138916
1922.102295 1213.273926
1948.565674 1214.763672
1976.084106 1215.823242
2002.149536 1215.799072
2028.789429 1216.080566
2055.295410 1216.521851
2081.501465 1216.122925
2108.654541 1217.750610
2135.164551 1218.192139
2162.035400 1218.630127
2187.831299 1219.078491
2214.723389 1219.167114
2241.976807 1219.252197
2267.778564 1219.700684
2294.280273 1220.491699
1540.191284 1230.888794
1568.204956 1233.316772
1595.604370 1233.535767
1623.128906 1233.269531
1649.914673 1234.739746
1678.125732 1236.041504
1704.811768 1236.307983
1731.724731 1237.097168
1758.349487 1237.987549
1786.041992 1238.313965
1812.704956 1239.631958
1840.742188 1238.830688
1867.196167 1239.272095
1893.975830 1240.755127
1921.516724 1240.837891
1948.690674 1241.272217
1974.792480 1241.717041
2001.226929 1242.855347
2028.074829 1242.596680
2054.868408 1243.731445
2081.364014 1243.476196
2108.158936 1244.611084
2134.318359 1244.010986
2161.098145 1245.494263
2187.928467 1245.932495
2214.778076 1246.022217
2240.574219 1245.774048
2266.184570 1246.577515
2293.891846 1246.654053
1539.918213 1258.423706
1567.371460 1259.896606
1595.196533 1260.324219
1623.005493 1261.793579
1650.954834 1262.931763
1678.362427 1261.162720
1705.064697 1263.090088
1732.524170 1264.215576
1760.355225 1265.242065
1786.755615 1265.431763
1813.530640 1265.522583
1840.992188 1266.648315
1866.642578 1266.125000
1893.838501 1266.836670
1922.226562 1268.948975
1948.075806 1268.400757
1974.480469 1269.189575
2002.315674 1269.964722
2028.778198 1269.364380
2055.515381 1270.844604
2082.342041 1270.241089
2108.721680 1271.724609
2135.197510 1271.124512
2161.236328 1272.264160
2189.013428 1272.916016
2214.135498 1272.453247
2240.552246 1273.242310
2267.327393 1274.028198
2293.446045 1273.778809
1539.818726 1286.154907
1568.514893 1287.787964
1595.475952 1287.695435
1623.290771 1289.489502
1650.322266 1288.908203
1678.495239 1288.655029
1705.165527 1290.517822
1731.538818 1291.265869
1758.644531 1292.163818
1787.638672 1292.916870
1813.496460 1292.217041
1840.504395 1293.084229
1867.987549 1294.121826
1894.738403 1293.867676
1920.755493 1294.312744
1947.819580 1295.440063
1974.909424 1295.875000
2002.014526 1295.963745
2028.037842 1296.409058
2055.133301 1296.843872
2081.501709 1297.631836
2108.258789 1297.724243
2134.288574 1298.169434
2161.034180 1298.608032
2187.764160 1299.392700
2213.083984 1299.844849
2239.889404 1299.244873
2266.672119 1300.046753
2293.000732 1300.111084
1539.968872 1313.474854
1568.059814 1313.899414
1595.074829 1315.024292
1622.468506 1314.765381
1650.316772 1316.023560
1677.476074 1317.920288
1704.592163 1317.785645
1732.699951 1317.865112
1760.098999 1317.951538
1786.706055 1318.548462
1813.442993 1319.518433
1840.848999 1320.268188
1866.789673 1321.085571
1894.555054 1321.168823
1921.979126 1320.910278
1947.699829 1321.839478
1974.624146 1322.484131
2001.317383 1322.922852
2029.187378 1324.510620
2054.708496 1323.799927
2082.116699 1325.494385
2108.567383 1323.546265
2135.382812 1325.750122
2160.476074 1324.874390
2186.808594 1325.661499
2214.210938 1326.438721
2241.011230 1325.151611
2266.578613 1326.981201
2292.597168 1327.081543
1540.722534 1340.680908
1567.983521 1341.097168
1595.729858 1341.893066
1623.791260 1341.629761
1650.889893 1343.164673
1678.846191 1344.644775
1705.785767 1344.645264
1733.417603 1345.693970
1759.713135 1345.098999
1786.025635 1345.438599
1813.729736 1346.781738
1840.751953 1346.821045
1868.439941 1347.937622
1894.762207 1347.347534
1920.341797 1349.163452
1948.033203 1348.912720
1974.682617 1349.351440
2002.285400 1350.774658
2027.969604 1350.201416
2054.655762 1350.323608
2080.956787 1350.765747
2107.615479 1351.204590
2134.026367 1351.781982
2160.646240 1351.776489
2186.550537 1352.187134
2213.216309 1352.625977
2238.971680 1353.144531
2266.215820 1353.163208
2292.550049 1353.261353
1541.013062 1367.655518
1569.083984 1368.588501
1596.624878 1369.859741
1623.454834 1369.542603
1649.894287 1370.579834
1678.980103 1369.956543
1706.368896 1371.961792
1733.541016 1370.936646
1760.632812 1372.966309
1787.104248 1373.076172
1814.322144 1372.704834
1841.010254 1373.947144
1867.621460 1374.042725
1894.224609 1374.481445
1921.967163 1376.012573
1948.133545 1375.695435
1975.330322 1377.278687
2001.350464 1376.573364
2027.620239 1376.672485
2054.551270 1377.127319
2081.218506 1377.204102
2107.125244 1377.649780
2133.372559 1378.434937
2160.347900 1378.870728
2185.919189 1379.012817
2212.935303 1378.726562
2238.832764 1379.515259
2265.498047 1379.268188
2292.128418 1379.707397
1540.762939 1394.530029
1568.568481 1395.223633
1596.320801 1395.726196
1624.163940 1397.420166
1650.385498 1397.969971
1678.290771 1397.408081
1704.989014 1397.457886
1732.233276 1398.573975
1759.245728 1400.129639
1787.889771 1400.455322
1813.205933 1401.249023
1841.135986 1401.708374
1867.836792 1401.083984
1895.061279 1402.463867
1921.309082 1401.977173
1947.891113 1402.055664
1974.592407 1402.577026
2001.380249 1402.930420
2027.609131 1403.030884
2054.181396 1403.469971
2080.415283 1403.570557
2106.975830 1404.351562
2133.552490 1404.790649
2159.438477 1404.894409
2186.049561 1405.051025
2212.619873 1405.431030
2238.270508 1406.691528
2265.455078 1405.970947
2291.688721 1406.413574
1542.210815 1420.798706
1567.976685 1422.770386
1597.272949 1423.794922
1623.821533 1423.118042
1651.026733 1423.891235
1678.736206 1424.545776
1706.168945 1424.408813
1732.351318 1426.458496
1760.788940 1426.322144
1787.073853 1426.333252
1813.614014 1426.833374
1840.503540 1426.587524
1866.989990 1428.049072
1893.623291 1428.576172
1921.479736 1427.891846
1947.978760 1429.012573
1974.161865 1429.114258
2000.702026 1429.212646
2026.862427 1429.995972
2053.435547 1429.412720
2081.262939 1431.358765
2106.503418 1430.291260
2134.362793 1431.976929
2159.916016 1431.507690
2186.177246 1430.594604
2212.322998 1431.711182
2238.512207 1432.153687
2265.076660 1432.252441
2290.915283 1432.698486
1541.516235 1448.704712
1569.031982 1449.134033
1596.544434 1449.903076
1624.989746 1451.060059
1651.583984 1450.761719
1678.595825 1451.088013
1705.844727 1451.574341
1733.653564 1453.031982
1759.929321 1452.155762
1786.829346 1452.911743
1814.052124 1453.457397
1842.350830 1454.231567
1868.501221 1453.548218
1894.422607 1454.332764
1920.207397 1454.438721
1948.413330 1456.024048
1973.228516 1456.443604
2000.723145 1455.765747
2027.545776 1456.522949
2054.431152 1455.939819
2080.878418 1457.398804
2107.078613 1456.482178
2132.177490 1458.582886
2158.623047 1458.053711
2185.189209 1457.133789
2212.009521 1458.249878
2238.175293 1457.961792
2265.052979 1458.449463
2290.871338 1458.555664
1540.828125 1476.180298
1568.313110 1475.593994
1596.688232 1476.385498
1624.710938 1476.591187
1651.793579 1477.211914
1678.920898 1477.644653
1706.874146 1479.081543
1732.836304 1478.175049
1761.126831 1479.853882
1787.430298 1480.053711
1814.604370 1479.132080
1840.665283 1480.251953
1867.452637 1480.688232
1894.936157 1481.456787
1921.408813 1480.880005
1947.496948 1481.322754
1974.279541 1482.097778
2000.764771 1482.220459
2027.182373 1482.638184
2053.659668 1482.742676
2079.741211 1483.181885
2107.290771 1482.521240
2133.274170 1484.779541
2159.428711 1484.323120
2186.332031 1483.579102
2211.714600 1484.367188
2237.098389 1485.155273
2263.635254 1484.239868
2290.435547 1485.015137
1542.260742 1502.873047
1570.054565 1502.286987
1597.123413 1503.395020
1625.276855 1502.805908
1651.644043 1503.920532
1679.816284 1505.544556
1705.390869 1505.974854
1733.969727 1506.218628
1759.649292 1505.318359
1787.962158 1506.904419
1814.050781 1506.494873
1841.589722 1507.656372
1867.666626 1507.391968
1894.115967 1507.484375
1920.492798 1507.258301
1947.257568 1508.060181
1974.353760 1508.443481
2000.791382 1508.603882
2027.158569 1509.007446
2053.212158 1509.450317
2080.002686 1509.211548
2105.885254 1509.637329
2132.136719 1509.759766
2159.256592 1510.193237
2185.320312 1510.636353
2211.755859 1510.738525
2238.176025 1511.178345
2264.266846 1510.563965
2290.373535 1511.051514
1542.321411 1529.188721
1569.707397 1530.746582
1597.411743 1530.014648
1624.613892 1530.706543
1651.030273 1530.019043
1679.067139 1531.158203
1706.030151 1531.203247
1733.389160 1531.927246
1760.186157 1532.109863
1787.298950 1532.680786
1813.561035 1532.844238
1840.494263 1532.908081
1867.232300 1533.561646
1894.585083 1534.448120
1920.975098 1533.878296
1947.005615 1533.647949
1974.409058 1534.415039
2000.757568 1535.191406
2025.099487 1534.800415
2053.176758 1535.064575
2079.896484 1535.501221
2106.939453 1536.608398
2132.653564 1536.044434
2158.339111 1536.154053
2184.698242 1536.930786
2211.444824 1537.031128
2237.859863 1536.797729
2263.902832 1537.242310
2290.292236 1537.344360
1541.974854 1556.595581
1570.004395 1556.123291
1597.343018 1556.888916
1624.337646 1557.322510
1652.186035 1557.515625
1679.099487 1557.596313
1705.600220 1559.306641
1734.409546 1559.213989
1760.417847 1558.815918
1786.592529 1558.163574
1813.739136 1559.012207
1841.462524 1559.104248
1867.423218 1559.547241
1893.362549 1560.661011
1919.931519 1561.188110
1948.147827 1560.180420
1973.112915 1561.705811
2000.423584 1561.398926
2027.771973 1562.500854
2054.166748 1561.262939
2079.901367 1562.290283
2105.989502 1562.395386
2132.449707 1562.589355
2159.183105 1562.019653
2183.800537 1564.189453
2211.553711 1563.747559
2237.156982 1563.013916
2263.491455 1563.455688
2289.526855 1563.226196
1541.618530 1583.494629
1570.517578 1582.040405
1596.799561 1582.685791
1624.582153 1583.774048
1653.026245 1584.727905
1679.054932 1583.732178
1705.703003 1583.854126
1732.378540 1585.615723
1759.467285 1584.415405
1787.752441 1585.695435
1813.415283 1584.812012
1841.880005 1585.220703
1867.986938 1585.999756
1895.341675 1586.047119
1920.858643 1586.558472
1946.493042 1586.319580
1974.027832 1587.354370
2000.243774 1587.723022
2026.736328 1587.627686
2053.370605 1588.064819
2079.332520 1588.187134
2106.112793 1588.579834
2132.629639 1588.378784
2158.236084 1588.490601
2184.512939 1589.265503
2210.842773 1589.036621
2236.789307 1589.479980
2263.125977 1589.251343
2288.907227 1590.207520
1542.906616 1609.652344
1570.304199 1609.614258
1597.779419 1610.122681
1625.673096 1611.213501
1651.400391 1609.912720
1679.334595 1610.699341
1705.706299 1612.083374
1733.519531 1611.323120
1759.519165 1612.513794
1787.331909 1611.782959
1813.484619 1613.070435
1840.880005 1612.243408
1867.945190 1612.737671
1894.954102 1613.812500
1921.011841 1613.249878
1948.345093 1612.347290
1973.880127 1613.469116
2000.272583 1613.707275
2026.699341 1614.004517
2052.941650 1614.444946
2079.550537 1614.548706
2105.812256 1614.655640
2131.741699 1614.431885
2158.314453 1614.876831
2184.579102 1615.643433
2210.861084 1615.280640
2236.732422 1615.528564
2262.349121 1615.973389
2289.310791 1616.407837
