1494.370728 1752.298706
1521.342285 1751.410400
1547.801270 1750.539062
1574.128662 1749.671997
1601.373047 1748.774780
1628.433838 1747.883545
1655.630493 1746.987915
1681.984985 1746.119995
1708.954834 1745.231812
1735.524048 1744.356812
1761.850220 1743.489746
1788.755737 1742.603760
1815.707642 1741.716187
1841.605835 1740.863281
1868.420166 1739.980225
1894.552368 1739.119629
1920.852173 1738.253418
1947.154419 1737.387207
1973.458496 1736.520996
1999.591187 1735.660400
2025.724487 1734.799683
2051.891602 1733.937988
2077.842773 1733.083252
2103.907471 1732.224854
2129.616943 1731.378174
2155.670654 1730.520264
2181.606445 1729.666016
2207.543701 1728.811890
2233.758057 1727.948608
2259.277100 1727.108154
2285.356201 1726.249268
2309.722900 1725.446777
2334.463135 1724.632080
1493.981201 1725.203735
1520.969482 1724.385986
1547.413940 1723.584717
1573.819824 1722.784424
1601.070679 1721.958740
1628.160889 1721.137939
1655.359741 1720.313721
1681.719116 1719.515015
1708.695312 1718.697510
1735.293579 1717.891602
1761.660156 1717.092651
1788.548340 1716.277832
1815.490112 1715.461426
1841.418823 1714.675781
1868.222900 1713.863647
1894.394043 1713.070557
1920.714111 1712.273071
1946.993774 1711.476685
1973.297852 1710.679688
1999.484985 1709.886108
2025.617188 1709.094238
2051.793457 1708.301147
2077.769531 1707.513916
2103.835693 1706.724121
2129.584717 1705.943970
2155.643066 1705.154297
2181.595215 1704.367920
2207.570068 1703.580811
2233.761719 1702.787231
2259.329346 1702.012451
2285.411621 1701.222168
2309.763428 1700.484253
2334.512451 1699.734253
1493.535278 1694.188354
1520.545410 1693.644165
1546.976196 1693.111572
1573.472900 1692.577515
1600.733154 1692.028198
1627.858276 1691.481689
1655.061523 1690.933472
1681.428101 1690.402100
1708.413086 1689.858398
1735.044800 1689.321777
1761.456299 1688.789551
1788.327515 1688.248047
1815.260010 1687.705322
1841.222412 1687.182129
1868.017334 1686.642212
1894.230225 1686.114014
1920.572266 1685.583130
1946.830078 1685.053955
1973.135254 1684.523926
1999.378174 1683.995117
2025.510254 1683.468506
2051.696533 1682.940918
2077.697754 1682.416870
2103.765625 1681.891602
2129.553467 1681.371826
2155.616455 1680.846680
2181.584717 1680.323486
2207.594971 1679.799316
2233.764893 1679.271973
2259.377686 1678.755859
2285.462402 1678.230225
2309.800537 1677.739746
2334.557129 1677.240845
1493.165649 1668.472168
1520.190430 1667.913208
1546.606323 1667.366821
1573.176880 1666.817139
1600.442505 1666.253174
1627.595215 1665.691650
1654.799561 1665.128906
1681.170044 1664.583496
1708.160400 1664.025269
1734.819580 1663.473877
1761.270020 1662.926758
1788.123657 1662.371338
1815.045410 1661.814453
1841.037354 1661.276855
1867.821533 1660.722900
1894.072632 1660.179932
1920.434326 1659.634644
1946.669067 1659.092041
1972.973755 1658.547974
1999.270996 1658.004028
2025.401855 1657.463501
2051.597168 1656.921753
2077.623291 1656.383423
2103.692139 1655.844238
2129.520508 1655.309937
2155.587891 1654.770752
2181.572998 1654.233398
2207.622314 1653.694580
2233.768799 1653.153809
2259.432129 1652.622925
2285.520264 1652.083374
2309.843262 1651.580200
2334.608887 1651.067993
1492.799438 1642.992920
1519.838989 1642.432251
1546.240234 1641.884766
1572.884155 1641.332275
1600.155151 1640.766846
1627.335083 1640.203125
1654.540894 1639.639038
1680.915283 1639.092163
1707.910889 1638.532349
1734.597656 1637.979004
1761.086304 1637.429688
1787.922729 1636.873169
1814.833984 1636.315186
1840.855225 1635.775635
1867.628906 1635.220459
1893.917603 1634.675293
1920.298706 1634.128296
1946.510986 1633.584717
1972.815186 1633.039307
1999.165894 1632.492920
2025.295410 1631.951050
2051.499512 1631.407593
2077.550293 1630.867432
2103.620117 1630.326904
2129.488037 1629.790527
2155.560059 1629.249878
2181.561768 1628.710693
2207.648926 1628.169678
2233.772461 1627.628052
2259.485107 1627.094849
2285.576904 1626.553833
2309.884766 1626.049805
2334.659180 1625.536011
1492.422119 1616.749634
1519.477173 1616.203369
1545.863647 1615.670532
1572.583130 1615.130981
1599.859863 1614.580078
1627.067993 1614.030762
1654.275391 1613.481323
1680.654053 1612.948608
1707.655273 1612.403442
1734.370117 1611.864014
1760.898315 1611.328247
1787.717285 1610.786743
1814.617920 1610.243530
1840.669067 1609.717529
1867.432251 1609.177002
1893.759399 1608.645386
1920.160400 1608.112305
1946.349854 1607.583496
1972.653687 1607.052246
1999.058716 1606.519043
2025.187134 1605.991455
2051.400391 1605.462158
2077.476074 1604.935547
2103.547119 1604.409180
2129.455322 1603.885986
2155.531738 1603.359375
2181.550293 1602.833984
2207.676025 1602.306396
2233.776123 1601.779419
2259.539062 1601.259155
2285.634033 1600.732300
2309.926758 1600.241699
2334.710449 1599.741211
1492.045166 1590.526733
1519.115967 1590.012939
1545.487793 1589.512451
1572.283081 1589.003906
1599.565674 1588.486084
1626.802124 1587.969116
1654.011230 1587.452637
1680.394165 1586.951904
1707.401245 1586.439331
1734.144287 1585.931763
1760.711792 1585.427490
1787.513428 1584.918823
1814.403687 1584.408447
1840.484863 1583.913330
1867.237549 1583.405640
1893.602905 1582.905151
1920.023682 1582.403687
1946.190796 1581.907104
1972.494263 1581.407837
1998.953125 1580.905640
2025.080322 1580.409790
2051.302734 1579.912109
2077.403076 1579.416626
2103.475098 1578.921753
2129.423096 1578.429321
2155.504150 1577.934326
2181.539062 1577.440186
2207.702393 1576.943604
2233.779785 1576.448608
2259.591553 1575.958740
2285.689941 1575.463379
2309.967773 1575.002563
2334.760254 1574.531982
1491.660278 1563.750854
1518.747314 1563.294434
1545.104736 1562.850342
1571.977417 1562.397583
1599.266357 1561.937744
1626.531738 1561.478394
1653.742920 1561.019897
1680.130493 1560.575317
1707.143799 1560.120117
1733.915527 1559.669067
1760.522949 1559.220703
1787.307373 1558.769409
1814.187500 1558.316528
1840.298828 1557.876587
1867.041382 1557.426025
1893.445312 1556.981079
1919.886230 1556.535645
1946.030762 1556.095093
1972.334106 1555.651855
1998.847168 1555.205200
2024.973389 1554.765015
2051.204834 1554.322998
2077.330078 1553.882812
2103.403320 1553.443481
2129.390869 1553.005615
2155.476318 1552.566040
2181.527832 1552.127197
2207.729004 1551.685669
2233.783203 1551.246704
2259.644043 1550.810913
2285.745361 1550.371216
2310.008545 1549.962402
2334.809814 1549.544434
1491.289551 1537.963745
1518.391724 1537.510498
1544.734375 1537.069946
1571.681274 1536.619385
1598.975708 1536.162842
1626.268799 1535.706421
1653.481323 1535.251343
1679.873047 1534.809937
1706.891724 1534.358154
1733.691284 1533.909912
1760.337402 1533.464233
1787.104492 1533.016602
1813.973999 1532.567261
1840.114990 1532.130127
1866.846924 1531.683105
1893.288940 1531.240845
1919.749390 1530.798340
1945.871338 1530.361450
1972.174194 1529.921631
1998.741089 1529.477295
2024.866089 1529.040405
2051.106689 1528.601562
2077.256348 1528.164185
2103.330811 1527.728149
2129.358154 1527.292847
2155.448242 1526.856567
2181.516602 1526.420532
2207.755859 1525.981812
2233.786865 1525.546387
2259.697510 1525.113159
2285.802246 1524.676514
2310.050537 1524.270996
2334.860596 1523.856079
1490.916626 1512.015991
1518.033691 1511.557007
1544.361450 1511.111450
1571.383057 1510.654175
1598.682861 1510.192139
1626.003784 1509.729858
1653.217651 1509.269287
1679.613281 1508.822510
1706.637329 1508.365234
1733.464844 1507.911255
1760.150146 1507.459595
1786.899658 1507.006958
1813.758301 1506.552368
1839.929077 1506.109497
1866.650391 1505.657227
1893.130737 1505.209106
1919.610962 1504.760986
1945.709839 1504.319336
1972.012207 1503.874146
1998.633667 1503.423706
2024.757324 1502.981567
2051.006836 1502.537354
2077.181885 1502.094360
2103.257324 1501.653076
2129.325195 1501.211914
2155.419922 1500.770264
2181.504883 1500.328857
2207.782959 1499.884155
2233.790771 1499.443970
2259.751953 1499.004639
2285.860107 1498.562866
2310.093018 1498.152710
2334.912354 1497.732666
1490.540283 1485.834717
1517.672485 1485.371582
1543.985229 1484.922363
1571.082153 1484.459839
1598.387573 1483.993774
1625.736328 1483.526855
1652.951660 1483.062378
1679.351318 1482.611694
1706.380859 1482.150269
1733.236450 1481.691895
1759.961182 1481.235596
1786.692993 1480.779297
1813.540894 1480.321045
1839.741699 1479.873779
1866.452148 1479.417847
1892.971191 1478.965088
1919.471436 1478.512695
1945.547241 1478.067627
1971.848999 1477.618652
1998.525391 1477.163330
2024.647827 1476.717407
2050.906494 1476.269165
2077.106689 1475.821899
2103.183105 1475.376709
2129.291748 1474.931030
2155.391113 1474.485596
2181.493408 1474.039917
2207.810547 1473.590698
2233.794434 1473.147217
2259.806641 1472.703125
2285.918213 1472.257446
2310.135742 1471.843994
2334.964355 1471.420166
1490.156250 1459.121826
1517.305054 1458.737183
1543.603638 1458.364746
1570.777954 1457.979858
1598.089844 1457.592896
1625.467773 1457.205078
1652.685303 1456.819580
1679.089722 1456.445557
1706.125610 1456.062622
1733.009888 1455.681885
1759.774414 1455.302734
1786.489258 1454.924316
1813.327271 1454.544189
1839.558105 1454.172607
1866.258667 1453.794434
1892.815918 1453.418213
1919.335938 1453.042603
1945.389771 1452.673462
1971.691650 1452.300903
1998.421387 1451.922363
2024.542725 1451.552368
2050.810547 1451.180298
2077.035156 1450.808838
2103.112793 1450.439453
2129.260254 1450.068970
2155.364014 1449.699219
2181.482422 1449.329346
2207.836182 1448.956055
2233.797852 1448.588257
2259.857666 1448.219116
2285.972412 1447.849243
2310.175293 1447.506348
2335.012451 1447.154541
1489.747192 1430.665405
1516.914307 1430.409912
1543.198486 1430.162720
1570.455444 1429.906372
1597.774780 1429.649414
1625.183960 1429.391602
1652.404297 1429.135498
1678.814331 1428.887085
1705.857300 1428.632690
1732.772095 1428.379517
1759.578735 1428.127441
1786.276123 1427.876343
1813.104126 1427.624023
1839.366821 1427.376953
1866.057251 1427.125854
1892.654663 1426.875732
1919.195557 1426.626099
1945.226807 1426.381226
1971.528931 1426.133789
1998.313965 1425.881836
2024.434692 1425.636230
2050.711914 1425.389038
2076.961670 1425.142090
2103.040771 1424.896851
2129.228027 1424.650513
2155.336426 1424.404907
2181.471191 1424.159058
2207.862549 1423.910889
2233.801514 1423.666870
2259.909180 1423.421265
2286.026855 1423.175659
2310.215332 1422.948120
2335.060791 1422.714478
1489.401245 1406.599731
1516.581299 1406.262329
1542.850464 1405.936401
1570.176147 1405.597168
1597.499756 1405.258057
1624.934204 1404.917603
1652.155029 1404.579834
1678.568115 1404.251953
1705.615479 1403.916382
1732.556152 1403.582031
1759.399536 1403.248779
1786.079590 1402.917725
1812.896606 1402.584961
1839.187378 1402.258667
1865.866943 1401.927490
1892.500977 1401.596924
1919.060791 1401.267334
1945.069214 1400.944580
1971.370361 1400.618164
1998.208374 1400.285034
2024.327515 1399.960938
2050.613525 1399.634644
2076.887695 1399.308594
2102.967773 1398.984985
2129.195068 1398.659424
2155.308105 1398.335327
2181.459717 1398.010742
2207.889893 1397.682739
2233.805176 1397.361206
2259.964111 1397.036499
2286.085449 1396.712280
2310.258545 1396.412354
2335.113525 1396.103882
1489.018921 1380.005371
1516.215088 1379.718140
1542.469849 1379.440918
1569.872437 1379.151611
1597.202148 1378.863037
1624.665405 1378.572998
1651.888184 1378.285522
1678.305786 1378.006592
1705.359131 1377.720947
1732.328491 1377.436157
1759.211548 1377.152344
1785.874268 1376.870850
1812.681030 1376.587769
1839.002075 1376.309814
1865.671265 1376.028198
1892.343872 1375.746582
1918.923584 1375.465942
1944.909546 1375.191528
1971.210571 1374.913818
1998.102661 1374.629883
2024.220703 1374.354126
2050.515869 1374.076538
2076.814697 1373.798828
2102.895996 1373.523438
2129.162842 1373.246094
2155.280273 1372.970337
2181.448486 1372.693970
2207.916260 1372.414551
2233.808838 1372.141113
2260.016602 1371.864380
2286.141113 1371.588501
2310.299561 1371.333496
2335.163086 1371.070923
1488.636230 1353.390869
1515.848267 1353.128418
1542.088135 1352.875366
1569.567505 1352.610352
1596.903198 1352.346680
1624.395142 1352.081543
1651.619507 1351.818970
1678.041504 1351.564087
1705.100708 1351.303101
1732.098633 1351.042725
1759.021606 1350.783081
1785.666748 1350.526123
1812.462891 1350.267700
1838.814209 1350.013550
1865.472900 1349.756348
1892.184326 1349.498779
1918.784180 1349.242188
1944.747192 1348.991821
1971.047852 1348.738159
1997.994873 1348.478271
2024.111694 1348.226318
2050.416016 1347.972656
2076.739990 1347.718750
2102.822510 1347.467163
2129.129883 1347.213501
2155.251953 1346.961548
2181.437012 1346.708984
2207.943359 1346.453247
2233.812500 1346.203857
2260.070557 1345.950562
2286.198486 1345.698486
2310.341553 1345.465698
2335.214111 1345.225830
1488.261963 1327.354736
1515.489258 1327.097168
1541.714233 1326.849243
1569.268555 1326.588623
1596.609863 1326.330200
1624.129639 1326.069946
1651.355469 1325.812500
1677.781616 1325.562622
1704.846313 1325.306641
1731.872192 1325.051147
1758.834351 1324.796143
1785.462036 1324.544434
1812.247559 1324.291138
1838.628662 1324.041626
1865.276733 1323.789673
1892.026611 1323.536743
1918.646240 1323.285034
1944.586304 1323.039673
1970.886597 1322.791016
1997.887817 1322.535645
2024.003540 1322.288696
2050.316895 1322.039917
2076.665771 1321.790771
2102.749268 1321.544189
2129.097168 1321.294922
2155.223633 1321.047974
2181.425537 1320.800171
2207.970459 1320.549194
2233.816162 1320.304810
2260.124512 1320.056030
2286.255615 1319.808838
2310.383789 1319.580688
2335.265381 1319.345459
1487.878418 1300.665283
1515.121826 1300.461060
1541.332397 1300.264526
1568.963867 1300.057373
1596.311279 1299.852417
1623.860107 1299.645874
1651.087891 1299.441772
1677.518555 1299.243652
1704.589355 1299.040649
1731.643921 1298.837891
1758.645996 1298.635498
1785.256348 1298.436035
1812.031616 1298.235229
1838.442993 1298.037231
1865.080688 1297.837524
1891.869141 1297.636719
1918.508789 1297.437012
1944.426514 1297.242798
1970.726562 1297.045654
1997.781860 1296.842773
2023.896606 1296.646973
2050.219238 1296.449707
2076.592773 1296.251953
2102.677490 1296.056396
2129.064941 1295.858643
2155.196045 1295.662720
2181.414307 1295.466187
2207.997070 1295.266968
2233.819824 1295.073364
2260.176758 1294.875732
2286.311279 1294.679810
2310.424561 1294.499023
2335.314941 1294.312500
1487.506836 1274.823975
1514.765259 1274.616089
1540.960938 1274.416138
1568.666870 1274.204712
1596.019775 1273.996094
1623.596191 1273.785645
1650.825317 1273.577881
1677.260010 1273.376221
1704.336304 1273.169556
1731.418579 1272.963013
1758.459595 1272.756592
1785.052490 1272.553711
1811.817017 1272.349487
1838.258057 1272.147705
1864.885132 1271.944580
1891.711792 1271.739990
1918.371094 1271.536499
1944.265991 1271.338867
1970.565430 1271.138184
1997.675049 1270.931396
2023.788452 1270.732178
2050.120117 1270.531250
2076.518555 1270.329834
2102.604248 1270.130737
2129.031982 1269.929199
2155.167725 1269.729736
2181.402832 1269.529541
2208.024170 1269.326416
2233.823486 1269.129639
2260.230957 1268.928101
2286.368652 1268.728638
2310.466797 1268.544800
2335.366211 1268.354736
1487.121582 1248.020508
1514.395996 1247.849854
1540.577026 1247.685913
1568.360229 1247.512085
1595.719238 1247.340820
1623.324585 1247.168091
1650.555542 1246.997681
1676.994751 1246.832275
1704.076904 1246.662720
1731.188110 1246.493042
1758.269165 1246.323608
1784.844482 1246.157227
1811.598511 1245.989746
1838.070068 1245.824097
1864.686646 1245.657593
1891.552246 1245.489380
1918.231689 1245.322510
1944.103638 1245.160522
1970.402954 1244.995972
1997.567383 1244.825928
2023.679688 1244.662476
2050.020508 1244.497681
2076.444092 1244.332275
2102.531006 1244.169067
2128.999023 1244.003418
2155.139404 1243.839844
2181.391357 1243.675537
2208.051025 1243.508667
2233.827148 1243.347412
2260.284424 1243.181763
2286.425537 1243.018188
2310.508545 1242.867432
2335.416992 1242.711548
1486.746094 1221.895996
1514.035645 1221.724976
1540.201660 1221.561035
1568.060059 1221.386475
1595.424683 1221.214966
1623.057983 1221.041748
1650.290405 1220.871094
1676.733643 1220.705322
1703.821289 1220.535645
1730.960449 1220.365479
1758.080933 1220.195557
1784.638672 1220.029175
1811.381958 1219.861572
1837.883423 1219.695435
1864.489258 1219.528687
1891.393433 1219.360107
1918.092773 1219.192749
1943.941772 1219.030762
1970.240479 1218.865967
1997.459717 1218.695312
2023.570679 1218.531738
2049.920654 1218.366577
2076.369385 1218.200806
2102.457275 1218.037354
2128.966064 1217.871216
2155.110840 1217.707397
2181.379883 1217.542725
2208.078369 1217.375366
2233.831055 1217.213989
2260.338867 1217.047852
2286.483398 1216.884033
2310.551270 1216.733154
2335.468750 1216.577026
1486.364014 1195.321777
1513.669556 1195.182983
1539.820801 1195.050049
1567.755981 1194.908081
1595.126465 1194.768921
1622.788452 1194.628418
1650.022583 1194.489990
1676.470215 1194.355591
1703.563843 1194.217773
1730.731567 1194.079712
1757.891846 1193.941650
1784.432007 1193.806885
1811.164795 1193.670898
1837.696655 1193.536133
1864.291992 1193.400879
1891.234863 1193.264038
1917.954224 1193.128174
1943.780396 1192.996948
1970.078857 1192.863281
1997.352661 1192.724609
2023.462402 1192.591919
2049.821533 1192.458008
2076.295410 1192.323486
2102.384521 1192.190918
2128.933350 1192.055908
2155.082764 1191.922974
2181.368408 1191.789429
2208.105225 1191.653564
2233.834717 1191.522827
2260.392334 1191.387817
2286.540283 1191.254883
2310.592773 1191.132690
2335.519531 1191.005981
1485.977783 1168.449707
1513.299683 1168.366333
1539.436279 1168.286499
1567.449097 1168.200928
1594.825928 1168.117310
1622.517090 1168.032715
1649.753174 1167.949463
1676.205566 1167.868774
1703.305176 1167.786011
1730.501831 1167.702881
1757.702271 1167.619873
1784.225098 1167.538818
1810.947510 1167.457275
1837.509766 1167.376099
1864.094727 1167.294922
1891.076538 1167.212524
1917.816040 1167.130859
1943.619629 1167.052124
1969.917969 1166.971802
1997.246094 1166.888306
2023.354858 1166.808594
2049.723145 1166.728027
2076.221924 1166.647095
2102.312256 1166.567383
2128.900879 1166.486206
2155.054932 1166.406372
2181.357178 1166.326050
2208.131836 1166.244263
2233.838379 1166.165771
2260.445068 1166.084473
2286.596191 1166.004639
2310.633789 1165.931152
2335.569092 1165.854980
1485.658569 1146.247803
1512.991211 1146.007812
1539.112915 1145.778198
1567.188721 1145.531616
1594.568604 1145.291016
1622.282593 1145.047607
1649.518311 1144.808228
1675.972656 1144.575928
1703.075806 1144.337769
1730.296265 1144.098633
1757.531128 1143.859375
1784.036743 1143.626465
1810.748047 1143.391846
1837.336792 1143.158203
1863.910767 1142.924805
1890.927368 1142.687378
1917.684814 1142.452393
1943.465698 1142.225830
1969.762695 1141.994873
1997.142456 1141.754272
2023.249390 1141.524902
2049.625977 1141.293213
2076.148682 1141.060181
2102.239746 1140.830933
2128.867920 1140.596924
2155.026367 1140.367188
2181.345703 1140.135986
2208.159424 1139.900391
2233.842041 1139.674805
2260.500488 1139.440552
2286.655273 1139.210815
2310.677734 1138.999756
2335.622803 1138.780518
1485.302368 1121.471436
1512.649170 1121.217529
1538.756592 1120.975098
1566.903687 1120.713867
1594.288574 1120.459595
1622.029053 1120.202026
1649.265991 1119.949219
1675.724121 1119.703613
1702.832275 1119.451904
1730.079468 1119.198853
1757.351685 1118.945679
1783.840332 1118.699829
1810.541260 1118.451904
1837.158569 1118.204834
1863.722168 1117.958252
1890.775635 1117.707031
1917.552002 1117.458496
1943.310791 1117.219238
1969.607056 1116.975098
1997.039185 1116.720459
2023.144897 1116.478149
2049.530273 1116.233154
2076.076904 1115.986694
2102.168945 1115.744507
2128.836182 1115.496826
2154.999023 1115.254028
2181.334473 1115.009521
2208.185547 1114.760254
2233.845703 1114.521973
2260.552734 1114.274048
2286.711182 1114.031250
2310.718750 1113.808350
2335.672607 1113.576660
