354.500000 1692.000000
392.500000 1691.500000
429.500000 1692.000000
467.549561 1692.519775
506.000000 1693.500000
541.677551 1691.402344
581.000000 1693.000000
617.500000 1693.000000
656.534546 1691.598511
694.000000 1692.500000
732.298584 1691.039185
770.500000 1691.000000
807.000000 1692.500000
844.566284 1692.527466
882.467651 1692.514404
921.476501 1691.983154
958.500000 1691.500000
995.000000 1692.000000
1033.500000 1690.500000
1071.996216 1690.942017
1109.500000 1690.000000
1149.955078 1690.717285
1187.245972 1689.011597
1222.500000 1691.000000
1261.500000 1688.500000
1300.920532 1689.441650
1339.445312 1687.272095
1377.298828 1687.445801
1416.414551 1686.631104
351.649536 1730.164307
390.000000 1730.500000
427.000000 1731.000000
465.500000 1730.500000
502.500000 1731.000000
541.000000 1731.000000
577.895447 1731.156006
616.000000 1731.000000
654.000000 1731.000000
691.500000 1730.500000
730.400696 1732.279907
767.500000 1731.000000
805.500000 1731.000000
843.000000 1731.000000
880.500000 1730.500000
918.500000 1730.500000
956.208252 1730.259888
994.438782 1730.303711
1033.500000 1729.000000
1070.500000 1730.000000
1107.000000 1730.000000
1147.817261 1728.441162
1183.926758 1728.717896
1223.500000 1729.000000
1261.500000 1727.500000
1300.000000 1728.500000
1337.523438 1726.563965
1375.000000 1725.500000
1412.455322 1725.458252
350.000000 1769.000000
386.500000 1770.500000
424.500000 1768.000000
464.003906 1769.078369
500.630524 1769.849609
539.000000 1769.500000
576.500000 1770.000000
614.677979 1769.144043
652.483582 1770.479248
690.005432 1770.068726
727.445679 1770.030640
766.933777 1771.342773
804.800781 1769.068604
840.965698 1769.481812
880.112610 1768.703125
917.639709 1769.967407
954.824524 1769.121094
991.929443 1768.053833
1030.500000 1768.500000
1068.669922 1768.593262
1107.426514 1767.047729
1144.115356 1767.022217
1182.510620 1767.463867
1221.992188 1768.359009
1258.395752 1767.587280
1297.000000 1766.500000
1336.948853 1765.161865
1375.500000 1764.500000
1413.927246 1764.281006
347.500000 1808.000000
386.000000 1808.500000
423.338135 1807.660034
461.000000 1808.500000
499.500000 1808.000000
537.115845 1809.290527
574.000000 1809.000000
611.000000 1807.500000
649.202454 1808.926758
687.500000 1808.500000
726.189392 1809.433105
763.500000 1809.000000
801.000000 1808.500000
838.836914 1808.309570
877.222290 1808.422241
916.223450 1806.718140
952.500000 1808.000000
990.500000 1807.500000
1028.000000 1808.500000
1067.022217 1807.499878
1105.434204 1807.654785
1143.357544 1806.896484
1181.000000 1806.500000
1219.465210 1806.005249
1258.000000 1805.500000
1296.500000 1806.000000
1333.326416 1804.279419
1374.510864 1804.163696
1411.655151 1803.750244
345.000000 1846.000000
383.000000 1846.500000
421.000000 1847.000000
458.500000 1847.000000
497.698883 1845.770020
534.706177 1846.946167
573.000000 1848.000000
612.639160 1847.806763
647.948547 1847.471069
684.277405 1846.587402
723.596313 1847.479004
761.000000 1847.500000
799.500000 1847.500000
837.071350 1847.506348
875.000000 1847.000000
913.725220 1847.598511
951.013977 1846.960327
989.804932 1847.797974
1027.569580 1846.478760
1066.500000 1845.000000
1103.500000 1846.500000
1141.500000 1845.500000
1179.465454 1845.540527
1218.500000 1844.500000
1256.511108 1844.404053
1295.072021 1845.653076
1333.075439 1844.222656
1371.000000 1844.000000
1408.894897 1843.859253
343.000000 1885.000000
381.000000 1886.000000
419.000000 1885.500000
456.500000 1885.500000
494.307709 1885.683594
532.626160 1884.933105
570.500000 1886.000000
608.000000 1886.000000
645.500000 1886.500000
682.548706 1887.512451
722.500000 1886.000000
759.587585 1886.515747
798.642151 1887.388794
835.500000 1886.000000
874.424500 1887.099976
911.000000 1886.000000
948.500000 1886.500000
987.552795 1885.644531
1026.000000 1885.000000
1063.500000 1885.500000
1102.228027 1886.607056
1140.802124 1883.645142
1178.133545 1884.398438
1216.919434 1883.618530
1254.500000 1884.000000
1293.000000 1883.000000
1331.450806 1883.263672
1370.789673 1881.167603
1409.500000 1882.000000
340.368500 1925.941162
378.500000 1924.000000
416.929932 1924.693970
454.500000 1924.500000
492.563293 1924.928955
529.500000 1925.000000
568.500000 1925.000000
606.439758 1924.652100
644.000000 1925.000000
681.500000 1925.500000
721.082153 1924.415039
757.500000 1925.500000
795.585144 1925.482788
833.500000 1925.000000
871.173889 1925.401978
910.000000 1924.500000
948.596436 1924.204224
985.453064 1923.999512
1023.643433 1924.593628
1061.594116 1924.516724
1100.062744 1924.357178
1139.003296 1924.959961
1176.526978 1923.518066
1214.961792 1923.151733
1253.703003 1922.693604
1292.000000 1922.500000
1330.846191 1921.146606
1369.000000 1922.000000
1408.579590 1920.719971
337.493439 1962.999878
376.000000 1963.000000
413.937531 1963.011475
453.211792 1962.707642
490.000000 1963.500000
526.982788 1964.143677
566.500000 1963.500000
604.483826 1963.325928
642.642029 1965.237061
681.029846 1963.420410
717.500000 1964.000000
755.500000 1964.500000
793.864807 1963.997681
830.769470 1964.521973
869.607971 1963.858276
907.575256 1963.990112
946.000000 1963.500000
984.817688 1962.811279
1022.000000 1963.500000
1060.500000 1963.500000
1099.000000 1962.500000
1137.657715 1962.374878
1175.000000 1962.500000
1214.123169 1961.519653
1251.701294 1961.800293
1290.000000 1961.500000
1328.500000 1961.500000
1368.385132 1960.588989
1405.500000 1961.000000
336.000000 2002.000000
373.969269 2001.935913
411.500000 2001.500000
450.500000 2002.000000
488.000000 2002.500000
526.000000 2002.500000
563.500000 2002.500000
602.500000 2002.500000
640.911499 2002.135132
678.040894 2002.985352
715.500000 2003.000000
753.500000 2003.000000
791.500000 2003.500000
828.498352 2001.794678
869.224854 2002.558960
903.458313 2002.536133
943.923889 2003.062988
982.500000 2002.500000
1020.997620 2001.591187
1058.201538 2002.397949
1097.896851 2001.668335
1134.000000 2002.500000
1173.986206 2001.305298
1211.500000 2001.500000
1249.948364 2001.354370
1288.558350 2000.972290
1326.601929 2002.001953
1365.733154 2000.432007
1405.315796 1999.334473
334.549988 2041.589233
371.500000 2040.500000
409.000000 2041.000000
447.436371 2041.427124
486.000000 2041.500000
523.159119 2042.043457
562.000000 2041.500000
599.500000 2041.500000
637.000000 2042.500000
675.500000 2042.000000
713.509033 2042.026245
751.500000 2042.000000
789.466125 2042.183594
827.500000 2042.000000
866.595947 2044.081177
904.000000 2042.000000
943.528809 2043.112671
981.356445 2041.135986
1019.871216 2042.641479
1057.717651 2040.746094
1096.066528 2042.377563
1134.171509 2040.244141
1171.593384 2040.992676
1211.025024 2040.452881
1249.672363 2041.263794
1287.040527 2040.485107
1325.874023 2040.341431
1364.831787 2039.529785
1403.000000 2039.500000
330.901611 2079.489990
369.500000 2079.500000
407.000000 2079.500000
445.500000 2080.000000
483.500000 2080.500000
522.000000 2080.500000
559.500000 2081.000000
598.000000 2080.500000
635.500000 2080.500000
673.927490 2081.324951
711.500000 2081.000000
749.500000 2081.500000
788.000000 2082.000000
825.500000 2081.500000
864.850281 2080.086670
902.649414 2082.946777
940.397705 2081.332520
979.000000 2080.500000
1016.863037 2080.734863
1055.500000 2080.500000
1093.500000 2081.000000
1132.000000 2080.500000
1170.733765 2079.669678
1208.533447 2080.017090
1247.767578 2079.146729
1286.000000 2079.500000
1325.285645 2078.481445
1362.500000 2080.000000
1401.203247 2079.936035
329.500000 2118.000000
366.781677 2120.773438
405.800537 2120.627441
443.000000 2119.000000
482.000000 2119.000000
520.834167 2119.120850
558.000000 2119.500000
595.500000 2120.000000
633.000000 2120.500000
671.500000 2120.500000
710.000000 2120.500000
748.040833 2120.443115
786.500000 2120.000000
824.000000 2120.500000
862.000000 2120.500000
902.047241 2119.786621
939.619141 2121.403076
976.113586 2121.015137
1016.217590 2121.255371
1053.500000 2120.000000
1091.655762 2119.813477
1130.227173 2119.796875
1169.515381 2120.742432
1206.352295 2120.627686
1246.000000 2119.000000
1284.869507 2117.585693
1322.928711 2118.663818
1362.477173 2117.572754
1400.165039 2117.063232
326.000000 2157.500000
364.536774 2157.970947
402.500000 2158.500000
440.500000 2158.500000
478.500000 2158.000000
517.500000 2159.000000
555.500000 2159.000000
593.527344 2159.004395
631.500000 2159.500000
669.000000 2159.500000
707.500000 2159.500000
746.506104 2160.881592
785.848877 2159.123291
822.218384 2159.434326
861.292664 2158.537109
899.638733 2160.727295
936.686646 2159.809326
975.133057 2159.404785
1013.396179 2159.351074
1052.700684 2160.270996
1090.003662 2159.480957
1128.435791 2159.170654
1167.936890 2157.894531
1206.528198 2159.895020
1244.170532 2158.575684
1281.679932 2157.179443
1322.801636 2157.318604
1360.956421 2159.910400
1399.844116 2157.253174
324.082367 2197.037842
362.000000 2197.500000
400.000000 2197.500000
437.654419 2198.322510
476.527161 2198.077637
514.500000 2198.500000
553.113159 2198.408447
591.500000 2198.500000
629.000000 2198.500000
667.500000 2198.500000
707.139221 2199.967041
744.513245 2197.519775
782.000000 2198.500000
819.749756 2199.760498
858.484314 2199.090576
896.500000 2199.000000
936.034302 2199.867676
973.500000 2199.000000
1011.284851 2198.594238
1050.251221 2199.071289
1088.490967 2198.660645
1126.950928 2198.488281
1165.359863 2198.217041
1203.696411 2198.545654
1243.568237 2199.510742
1282.058960 2196.222412
1320.070923 2197.455566
1359.119629 2197.466797
1397.631348 2197.154785
320.999115 2236.428467
359.500000 2236.000000
398.000000 2237.000000
435.998810 2237.052490
474.500000 2237.000000
512.000000 2237.500000
552.108948 2235.921387
589.049500 2237.509766
627.500000 2237.500000
666.657898 2239.016357
703.458374 2238.049316
741.500000 2238.500000
780.594299 2236.200195
818.500000 2238.000000
857.407227 2237.413574
894.000000 2239.500000
933.781006 2237.277832
970.311157 2236.976562
1009.585938 2238.223633
1047.299927 2237.095215
1086.658936 2238.123779
1125.310547 2237.865234
1164.934937 2237.198975
1202.286133 2237.548340
1240.498779 2238.831787
1280.500000 2237.000000
1319.527344 2236.479980
1357.262329 2236.712158
1396.548828 2236.928467
319.500000 2275.000000
357.000000 2276.000000
395.500000 2276.000000
434.885254 2275.183105
471.956207 2276.514404
510.000000 2276.000000
550.061401 2277.911621
587.064880 2277.556641
626.000000 2276.500000
663.000000 2277.000000
701.500000 2277.500000
739.551147 2277.448486
778.084045 2277.526611
817.531311 2277.081055
855.000000 2277.500000
893.500000 2278.000000
932.500000 2276.500000
969.416687 2277.993652
1008.500000 2277.500000
1046.448730 2277.947021
1083.892700 2276.072021
1123.561035 2277.492920
1163.418213 2278.981445
1201.002563 2277.417236
1240.685425 2278.877197
1279.689087 2275.944824
1318.473022 2278.067383
1357.061279 2275.906250
1395.404175 2276.704590
315.500000 2314.000000
354.000000 2315.500000
394.896851 2314.921143
431.083466 2316.013428
470.269257 2314.096436
507.500000 2316.500000
546.500000 2316.500000
584.711975 2316.459473
623.036682 2317.489258
661.500000 2316.500000
700.599365 2315.438232
737.500000 2317.000000
775.505615 2317.953857
813.550476 2315.834473
853.502197 2316.128662
891.102295 2317.080322
930.771484 2316.553955
969.027344 2318.758545
1006.471497 2317.277588
1045.000000 2317.000000
1083.371338 2317.437012
1121.814575 2317.102051
1161.797607 2315.895996
1199.500000 2317.000000
1239.285522 2315.938965
1276.838623 2316.674316
1316.648193 2315.532227
1355.002197 2316.586914
1395.109497 2315.668701
311.999664 2353.604980
352.000000 2355.000000
391.000000 2355.000000
429.000000 2355.500000
467.000000 2355.500000
505.536682 2356.002441
544.500000 2355.500000
581.386719 2356.691650
620.500000 2356.000000
657.416687 2356.577148
697.306580 2356.145508
735.500000 2356.500000
774.814331 2357.877441
812.440125 2356.921143
850.822693 2356.526123
890.429810 2356.185791
927.618591 2356.654785
967.316101 2356.153320
1004.569214 2357.018311
1042.892944 2357.367676
1081.500000 2357.000000
1120.000000 2356.500000
1158.000000 2358.000000
1197.909058 2356.893799
1237.859253 2357.896973
1275.302734 2357.032715
1313.444580 2355.499023
1353.524048 2356.502441
1392.656738 2356.517578
310.500000 2394.500000
350.289185 2395.499023
387.500000 2394.500000
425.500000 2395.500000
464.000000 2394.500000
504.280426 2396.914307
543.689026 2394.779785
580.373230 2396.739014
618.689209 2396.052002
656.500000 2396.000000
695.932739 2394.980713
733.583679 2395.999023
771.987915 2397.012695
811.000000 2396.000000
849.657288 2395.077881
887.311890 2396.199707
925.689941 2396.485107
964.500000 2396.500000
1002.870117 2396.733398
1041.250977 2396.692139
1081.136963 2395.625000
1118.500000 2397.000000
1158.935425 2395.945557
1196.286255 2396.430908
1235.228882 2396.719482
1274.181396 2396.364990
1314.020630 2396.031738
1352.088989 2396.228271
1391.486206 2396.485107
307.046356 2432.803467
347.000000 2434.500000
385.000000 2434.500000
424.500000 2435.500000
463.547607 2435.926758
501.123840 2432.630615
538.500000 2435.500000
577.500000 2435.500000
616.500000 2435.500000
654.963135 2435.651855
694.571350 2436.867676
731.519409 2435.951904
769.706726 2435.867432
808.431152 2436.461182
846.000000 2436.500000
886.595581 2435.394775
923.500000 2436.500000
963.518005 2435.608643
1000.000000 2437.500000
1039.557739 2436.907227
1077.291260 2435.218262
1117.011841 2436.517578
1157.276733 2437.796631
1194.775269 2436.903076
1232.500000 2437.500000
1273.592651 2435.665039
1311.500000 2436.500000
1350.978394 2437.004883
1390.040405 2436.579102
305.512909 2473.536377
344.426117 2473.480713
382.500000 2474.000000
422.500000 2473.500000
461.000000 2476.500000
498.500000 2474.500000
536.585144 2474.994385
575.597351 2474.985107
613.500000 2475.500000
652.518921 2475.207275
690.581421 2475.538086
729.784424 2475.401611
767.500000 2475.500000
806.000000 2476.000000
844.500000 2476.000000
883.328064 2475.999023
921.684509 2476.539307
960.500000 2476.500000
1000.000000 2477.500000
1038.500000 2476.000000
1077.648682 2475.641846
1115.553589 2476.512451
1154.432617 2476.868408
1193.500000 2476.500000
1231.844849 2477.825439
1272.500000 2475.500000
1310.563477 2476.474854
1349.500000 2476.500000
1388.611694 2476.843018
