750.985657 734.322632
778.194885 734.174622
804.494629 734.031555
832.307434 733.880249
859.788940 733.730713
886.674316 733.584473
913.804749 733.436829
941.249268 733.287476
968.415955 733.139709
995.524292 732.992188
1022.921875 732.843140
1050.093140 732.695312
1077.182739 732.547974
1104.422729 732.399658
1131.522949 732.252258
1158.037964 732.108032
1185.288696 731.959717
1212.938110 731.809326
1238.893311 731.668091
1266.242432 731.519287
1293.662109 731.370117
1320.612915 731.223511
1347.690063 731.076172
1374.493774 730.930298
1401.086792 730.785645
1428.196899 730.638184
1455.411377 730.490051
1482.393433 730.343262
1509.568237 730.195435
1536.688721 730.047852
1563.480347 729.902100
1588.848755 729.764038
1614.755981 729.623108
751.434570 706.664917
778.611450 706.526611
804.816589 706.393311
832.579773 706.251953
860.039795 706.112183
886.937256 705.975281
914.078308 705.837158
941.468506 705.697754
968.621399 705.559570
995.710571 705.421631
1023.074036 705.282349
1050.212158 705.144287
1077.250488 705.006592
1104.456299 704.868164
1131.564575 704.730103
1158.090576 704.595215
1185.285522 704.456787
1212.863281 704.316406
1238.916260 704.183777
1266.200562 704.044922
1293.571045 703.905640
1320.497803 703.768555
1347.559082 703.630859
1374.315918 703.494629
1400.930908 703.359131
1428.018677 703.221313
1455.195312 703.082947
1482.148926 702.945801
1509.301636 702.807556
1536.401001 702.669678
1563.195435 702.533264
1588.578613 702.404053
1614.471558 702.272339
751.891174 678.534790
779.035034 678.416321
805.143860 678.302307
832.856445 678.181396
860.294556 678.061584
887.204224 677.944092
914.355957 677.825562
941.690857 677.706299
968.829712 677.587769
995.899353 677.469604
1023.228333 677.350281
1050.332886 677.231995
1077.319214 677.114197
1104.490234 676.995544
1131.606689 676.877197
1158.143799 676.761353
1185.282349 676.642883
1212.787598 676.522827
1238.939453 676.408691
1266.158325 676.289917
1293.479004 676.170593
1320.381470 676.053162
1347.427002 675.935059
1374.136597 675.818481
1400.773682 675.702209
1427.838989 675.584045
1454.977539 675.465576
1481.902588 675.348022
1509.033081 675.229614
1536.111206 675.111389
1562.908813 674.994446
1588.307007 674.883545
1614.185425 674.770630
752.338806 650.957581
779.450195 650.866089
805.464539 650.778320
833.127502 650.684937
860.544067 650.592407
887.465637 650.501587
914.627686 650.409912
941.908508 650.317810
969.033508 650.226318
996.083984 650.135010
1023.379150 650.042908
1050.450806 649.951538
1077.386353 649.860596
1104.523438 649.769043
1131.647949 649.677490
1158.195801 649.587891
1185.279175 649.496460
1212.713745 649.403931
1238.962036 649.315308
1266.117188 649.223694
1293.389404 649.131653
1320.268188 649.040894
1347.298218 648.949707
1373.961792 648.859741
1400.620605 648.769775
1427.664062 648.678467
1454.765625 648.587036
1481.662964 648.496216
1508.771851 648.404785
1535.829468 648.313477
1562.630127 648.223022
1588.042969 648.137207
1613.907593 648.049927
752.778564 623.868958
779.858887 623.737427
805.781006 623.611511
833.395691 623.477417
860.791565 623.344299
887.725525 623.213501
914.898560 623.081482
942.125977 622.949219
969.237671 622.817566
996.269409 622.686279
1023.530945 622.553894
1050.569824 622.422546
1077.454224 622.291992
1104.557129 622.160339
1131.689697 622.028564
1158.248657 621.899536
1185.275879 621.768311
1212.638184 621.635376
1238.985229 621.507446
1266.074829 621.375854
1293.296875 621.243652
1320.151001 621.113159
1347.164795 620.981995
1373.780396 620.852722
1400.461304 620.723145
1427.481445 620.591858
1454.543945 620.460449
1481.411499 620.329956
1508.497192 620.198425
1535.532593 620.067078
1562.335693 619.936890
1587.763428 619.813416
1613.612549 619.687866
753.236389 595.661987
780.282959 595.597595
806.108093 595.536133
833.671753 595.470459
861.045349 595.405334
887.990967 595.341187
915.174133 595.276489
942.346375 595.211731
969.443787 595.147217
996.455872 595.082947
1023.683044 595.018127
1050.688599 594.953796
1077.521729 594.889954
1104.590454 594.825500
1131.730957 594.760864
1158.300659 594.697632
1185.272705 594.633362
1212.564453 594.568420
1239.007690 594.505432
1266.033813 594.441101
1293.207764 594.376404
1320.038574 594.312500
1347.037231 594.248230
1373.607544 594.184998
1400.310059 594.121399
1427.308960 594.057129
1454.335205 593.992798
1481.175903 593.928894
1508.240723 593.864441
1535.256348 593.800110
1562.062866 593.736328
1587.505371 593.675720
1613.341431 593.614197
753.663696 569.337952
780.680054 569.244324
806.415405 569.155151
833.932129 569.059875
861.285461 568.965088
888.243042 568.871704
915.436768 568.777466
942.557129 568.683472
969.641602 568.589661
996.635437 568.496155
1023.830078 568.401917
1050.803833 568.308472
1077.587402 568.215698
1104.623047 568.122009
1131.771484 568.027954
1158.351929 567.935852
1185.269653 567.842590
1212.491455 567.748291
1239.030151 567.656311
1265.992920 567.562866
1293.118530 567.468933
1319.925537 567.376038
1346.908569 567.282532
1373.432617 567.190674
1400.156494 567.098083
1427.133057 567.004639
1454.121826 566.911133
1480.933960 566.818237
1507.976440 566.724487
1534.970825 566.630981
1561.779785 566.538086
1587.236572 566.449890
1613.057983 566.360413
754.113525 541.625732
781.097290 541.550232
806.737854 541.478394
834.204712 541.401550
861.536560 541.325012
888.506165 541.249512
915.710388 541.173340
942.776306 541.097595
969.846924 541.021851
996.821533 540.946289
1023.982117 540.870239
1050.922729 540.794861
1077.655151 540.720032
1104.656494 540.644409
1131.812988 540.568420
1158.404419 540.493958
1185.266357 540.418762
1212.416870 540.342773
1239.052979 540.268188
1265.951294 540.192871
1293.027832 540.117065
1319.810913 540.042114
1346.778198 539.966614
1373.255615 539.892517
1400.001465 539.817627
1426.955811 539.742188
1453.906982 539.666748
1480.690918 539.591797
1507.711548 539.516113
1534.684937 539.440552
1561.496948 539.365540
1586.968506 539.294250
1612.775635 539.221985
754.556152 514.353638
781.508057 514.288879
807.055359 514.227478
834.473267 514.161621
861.783875 514.096008
888.765381 514.031189
915.980042 513.965820
942.992432 513.900940
970.049377 513.835938
997.005127 513.771179
1024.132080 513.705994
1051.040161 513.641357
1077.721924 513.577271
1104.689575 513.512451
1131.854126 513.447205
1158.456177 513.383301
1185.263184 513.318848
1212.343140 513.253845
1239.075562 513.189575
1265.910034 513.125122
1292.938110 513.060181
1319.697388 512.995911
1346.649292 512.931152
1373.080444 512.867676
1399.847900 512.803345
1426.780273 512.738647
1453.694214 512.674011
1480.450073 512.609741
1507.448853 512.544861
1534.401489 512.480103
1561.216431 512.415710
1586.702637 512.354431
1612.495605 512.292480
754.990845 487.575623
781.911743 487.499817
807.367554 487.428101
834.737549 487.351013
862.027466 487.274170
889.020935 487.198120
916.246094 487.121460
943.205811 487.045532
970.249512 486.969360
997.186646 486.893494
1024.280640 486.817169
1051.156372 486.741486
1077.788208 486.666443
1104.722412 486.590607
1131.894775 486.514069
1158.507690 486.439117
1185.260132 486.363770
1212.269653 486.287720
1239.098022 486.212128
1265.869019 486.136719
1292.848511 486.060730
1319.584106 485.985443
1346.520386 485.909576
1372.905273 485.835266
1399.694214 485.759827
1426.604370 485.684021
1453.480835 485.608307
1480.208496 485.533051
1507.185059 485.457062
1534.116577 485.381226
1560.934204 485.305664
1586.434937 485.233856
1612.213379 485.161255
755.425171 460.815918
782.315063 460.731079
807.679504 460.651001
835.001587 460.564789
862.270874 460.478729
889.276245 460.393494
916.511841 460.307526
943.418884 460.222626
970.449341 460.137299
997.367981 460.052338
1024.428955 459.966949
1051.272583 459.882233
1077.854370 459.798340
1104.755127 459.713440
1131.935547 459.627655
1158.559204 459.543610
1185.256958 459.459351
1212.196411 459.374329
1239.120483 459.289368
1265.828003 459.205078
1292.759155 459.120087
1319.471069 459.035767
1346.391724 458.950806
1372.730591 458.867676
1399.540894 458.783081
1426.428955 458.698212
1453.268066 458.613495
1479.967407 458.529236
1506.921997 458.444153
1533.832520 458.359222
1560.652832 458.274597
1586.167969 458.194061
1611.932129 458.112762
755.865723 433.674438
782.723755 433.612488
807.995178 433.554230
835.268433 433.491333
862.516541 433.428467
889.533630 433.366180
916.779480 433.303345
943.633301 433.241425
970.650146 433.179108
997.549927 433.117065
1024.577515 433.054749
1051.388794 432.992920
1077.920532 432.931732
1104.787964 432.869751
1131.976074 432.807068
1158.610352 432.745636
1185.253784 432.684204
1212.123535 432.622223
1239.142700 432.559906
1265.787354 432.498474
1292.670654 432.436462
1319.359253 432.374939
1346.264648 432.312866
1372.558105 432.252228
1399.389771 432.190369
1426.256226 432.128387
1453.058716 432.066589
1479.730713 432.005096
1506.663940 431.942963
1533.554077 431.880951
1560.377441 431.819092
1585.907104 431.760223
1611.657471 431.700836
756.304749 406.630219
783.130981 406.582153
808.309937 406.537018
835.534607 406.488220
862.761719 406.439423
889.790588 406.390991
917.046753 406.342133
943.847412 406.294098
970.850769 406.245728
997.731750 406.197540
1024.726196 406.149170
1051.505005 406.101166
1077.986694 406.053711
1104.820679 406.005615
1132.016724 405.956879
1158.661743 405.909119
1185.250732 405.861481
1212.050659 405.813446
1239.165161 405.764832
1265.746582 405.717194
1292.581909 405.669098
1319.246948 405.621307
1346.137085 405.573120
1372.384888 405.526093
1399.237915 405.477966
1426.082642 405.429840
1452.848389 405.381866
1479.492676 405.334137
1506.404419 405.285889
1533.274048 405.237732
1560.100220 405.189667
1585.644409 405.143890
1611.380737 405.097748
756.743530 379.593475
783.538086 379.560638
808.624573 379.529907
835.800659 379.496613
863.006714 379.463257
890.047363 379.430115
917.313782 379.396698
944.061401 379.363922
971.051208 379.330841
997.913452 379.297943
1024.874634 379.264893
1051.621216 379.232117
1078.052856 379.199707
1104.853394 379.166870
1132.057373 379.133545
1158.713013 379.100861
1185.247559 379.068359
1211.977661 379.035583
1239.187378 379.002258
1265.705933 378.969727
1292.493164 378.936920
1319.134888 378.904266
1346.009644 378.871338
1372.211914 378.839233
1399.086426 378.806274
1425.909302 378.773407
1452.638306 378.740662
1479.255005 378.708038
1506.145264 378.675079
1532.994385 378.642181
1559.823486 378.609283
1585.382080 378.577972
1611.104492 378.546448
757.176880 352.901672
783.940430 352.863800
808.935608 352.828430
836.063965 352.790070
863.249329 352.751617
890.301819 352.713348
917.578674 352.674744
944.273743 352.636993
971.250366 352.598816
998.094055 352.560852
1025.022339 352.522766
1051.736816 352.484985
1078.118774 352.447662
1104.885986 352.409790
1132.097900 352.371307
1158.764160 352.333588
1185.244507 352.296143
1211.904785 352.258423
1239.209717 352.219788
1265.665161 352.182373
1292.404297 352.144531
1319.022461 352.106903
1345.881714 352.068909
1372.038208 352.031891
1398.933960 351.993835
1425.734985 351.955933
1452.426880 351.918182
1479.015503 351.880554
1505.883911 351.842560
1532.712280 351.804596
1559.544067 351.766663
1585.117188 351.730469
1610.825195 351.694122
757.609863 326.222198
784.342285 326.191467
809.246277 326.162842
836.326721 326.131744
863.491394 326.100525
890.555603 326.069427
917.842651 326.038086
944.485352 326.007446
971.448608 325.976471
998.273865 325.945648
1025.169312 325.914734
1051.851807 325.884094
1078.184204 325.853821
1104.918457 325.823120
1132.138062 325.791809
1158.814941 325.761169
1185.241333 325.730804
1211.832520 325.700256
1239.231934 325.668762
1265.624756 325.638428
1292.316284 325.607758
1318.911133 325.577209
1345.755249 325.546356
1371.866333 325.516357
1398.783325 325.485413
1425.562744 325.454651
1452.218018 325.424011
1478.779175 325.393494
1505.626099 325.362671
1532.433960 325.331848
1559.268555 325.301025
1584.855957 325.271606
1610.550171 325.242096
758.037842 299.859100
784.739685 299.818024
809.553650 299.779877
836.586914 299.738312
863.731262 299.696564
890.807129 299.654907
918.104553 299.612946
944.695374 299.572052
971.645630 299.530609
998.452576 299.489380
1025.315430 299.448090
1051.966309 299.407074
1078.249390 299.366669
1104.950684 299.325623
1132.178223 299.283752
1158.865601 299.242706
1185.238281 299.202148
1211.760254 299.161377
1239.254028 299.119080
1265.584351 299.078613
1292.228271 299.037628
1318.799683 298.996765
1345.628296 298.955505
1371.693970 298.915436
1398.632080 298.874023
1425.389648 298.832855
1452.008057 298.791931
1478.541382 298.751129
1505.366577 298.709869
1532.153687 298.668671
1558.990967 298.627411
1584.592529 298.588043
1610.272583 298.548553
758.473145 273.044830
785.143311 273.029114
809.865479 273.014526
836.850464 272.998657
863.973877 272.982605
891.061340 272.966675
918.368835 272.950562
944.907043 272.934937
971.843811 272.919067
998.632141 272.903259
1025.462158 272.887451
1052.081055 272.871765
1078.314697 272.856323
1104.983032 272.840576
1132.218262 272.824524
1158.916138 272.808777
1185.235229 272.793274
1211.688477 272.777679
1239.276001 272.761414
1265.544312 272.745941
1292.140991 272.730255
1318.689331 272.714600
1345.503052 272.698792
1371.523926 272.683472
1398.483154 272.667572
1425.219360 272.651825
1451.801880 272.636169
1478.308105 272.620544
1505.112427 272.604736
1531.879517 272.588959
1558.719727 272.573120
1584.335571 272.558014
1610.002075 272.542908
758.910339 246.106491
785.549072 246.104034
810.179016 246.101761
837.115601 246.099304
864.218079 246.096802
891.317261 246.094299
918.635071 246.091797
945.120300 246.089355
972.043640 246.086868
998.813293 246.084412
1025.610229 246.081940
1052.196899 246.079483
1078.380737 246.077072
1105.015625 246.074631
1132.258667 246.072113
1158.967285 246.069656
1185.232056 246.067245
1211.615723 246.064804
1239.298218 246.062271
1265.503662 246.059860
1292.052490 246.057419
1318.577515 246.054962
1345.375977 246.052490
1371.351318 246.050110
1398.331909 246.047623
1425.046387 246.045181
1451.592285 246.042740
1478.070923 246.040298
1504.853638 246.037811
1531.600342 246.035355
1558.443481 246.032898
1584.073730 246.030533
1609.726318 246.028168
759.342773 219.464844
785.950439 219.467331
810.489258 219.469635
837.378113 219.472137
864.459900 219.474670
891.570801 219.477219
918.898804 219.479767
945.331726 219.482224
972.241821 219.484756
998.992981 219.487259
1025.757080 219.489761
1052.311768 219.492249
1078.446167 219.494690
1105.048096 219.497162
1132.298950 219.499710
1159.018066 219.502213
1185.229004 219.504669
1211.543335 219.507141
1239.320435 219.509720
1265.463257 219.512192
1291.964478 219.514648
1318.466187 219.517120
1345.249268 219.519623
1371.179321 219.522064
1398.181152 219.524582
1424.874023 219.527084
1451.383179 219.529572
1477.834229 219.532028
1504.595581 219.534531
1531.321777 219.537033
1558.167603 219.539536
1583.812256 219.541931
1609.450806 219.544342
759.764282 193.498199
786.341797 193.489243
810.792053 193.480972
837.634399 193.471939
864.696167 193.462814
891.818665 193.453644
919.156860 193.444443
945.538696 193.435532
972.435913 193.426468
999.169067 193.417465
1025.901123 193.408447
1052.424561 193.399506
1078.510376 193.390701
1105.079956 193.381729
1132.338501 193.372528
1159.068115 193.363525
1185.225952 193.354706
1211.472168 193.345840
1239.342285 193.336441
1265.423340 193.327667
1291.877563 193.318741
1318.356201 193.309799
1345.124268 193.300781
1371.009399 193.292053
1398.031982 193.282944
1424.703369 193.273941
1451.176147 193.265015
1477.599731 193.256088
1504.339600 193.247070
1531.045288 193.238068
1557.893799 193.229004
1583.552490 193.220367
1609.177002 193.211716
760.196167 166.891205
786.742676 166.885971
811.101929 166.881195
837.896545 166.875885
864.937683 166.870575
892.071899 166.865234
919.420349 166.859848
945.749878 166.854660
972.633850 166.849350
999.348572 166.844101
1026.047852 166.838837
1052.539429 166.833633
1078.575806 166.828506
1105.112305 166.823273
1132.378662 166.817902
1159.118896 166.812637
1185.222778 166.807495
1211.399902 166.802338
1239.364380 166.796829
1265.383057 166.791748
1291.789551 166.786469
1318.244995 166.781311
1344.997681 166.776031
1370.837524 166.770966
1397.881226 166.765625
1424.531006 166.760361
1450.967163 166.755157
1477.363159 166.749969
1504.081543 166.744690
1530.766724 166.739456
1557.617920 166.734146
1583.290894 166.729111
1608.901489 166.724060
760.626465 140.383057
787.141907 140.392090
811.410400 140.400360
838.157471 140.409454
865.177979 140.418640
892.323669 140.427917
919.682251 140.437195
945.959717 140.446136
972.830444 140.455292
999.526733 140.464386
1026.193481 140.473480
1052.653320 140.482483
1078.640747 140.491302
1105.144409 140.500336
1132.418457 140.509613
1159.169189 140.518738
1185.219727 140.527557
1211.328369 140.536438
1239.386230 140.545990
1265.343140 140.554840
1291.702637 140.563812
1318.135010 140.572784
1344.872681 140.581894
1370.667847 140.590668
1397.732544 140.599899
1424.360962 140.608948
1450.761108 140.617920
1477.130005 140.626923
1503.827271 140.635986
1530.492310 140.645081
1557.346436 140.654205
1583.033691 140.662949
1608.630493 140.671646
761.057861 113.805893
787.541931 113.843323
811.719421 113.877411
838.418640 113.915100
865.418335 113.953217
892.575439 113.991608
919.943970 114.030212
946.169312 114.067230
973.026733 114.105164
999.704529 114.142853
1026.338745 114.180450
1052.766968 114.217743
1078.705322 114.254364
1105.176392 114.291718
1132.458130 114.330261
1159.219116 114.368011
1185.216675 114.404724
1211.257324 114.441498
1239.407959 114.481262
1265.303467 114.517822
1291.616333 114.554962
1318.026001 114.592285
1344.748901 114.629974
1370.499878 114.666321
1397.585449 114.704529
1424.192749 114.742126
1450.557373 114.779358
1476.899658 114.816589
1503.576294 114.854218
1530.221558 114.891846
1557.078735 114.929718
1582.780029 114.966064
1608.363525 115.002197
761.471436 88.325317
787.925720 88.370575
812.016052 88.411865
838.669556 88.457458
865.649536 88.503662
892.817749 88.550201
920.196045 88.597046
946.371338 88.641876
973.216003 88.687836
999.876160 88.733490
1026.479004 88.779053
1052.876709 88.824188
1078.767822 88.868561
1105.207275 88.913849
1132.496460 88.960541
1159.267700 89.006378
1185.213745 89.050812
1211.188354 89.095306
1239.429077 89.143616
1265.264893 89.187866
1291.532349 89.232849
1317.919800 89.278015
1344.628174 89.323792
1370.335815 89.367798
1397.441650 89.414215
1424.028442 89.459717
1450.358154 89.504791
1476.674072 89.549896
1503.330322 89.595459
1529.956177 89.641113
1556.815918 89.687073
1582.530884 89.731079
1608.101196 89.774872
