2345.072510 989.599304
2381.584473 992.524414
2418.624756 993.178040
2455.509277 994.054810
2493.183594 994.605652
2529.703613 997.409546
2565.500488 997.487366
2602.200684 998.782776
2639.187988 1000.318787
2675.694336 1002.488281
2711.920166 1001.493469
2747.192627 1003.078674
2784.387451 1003.653931
2819.994385 1004.980774
2856.048584 1005.693909
2892.337646 1006.224121
2927.277832 1008.236023
2963.000000 1009.500000
2999.479492 1009.205322
3036.500000 1009.500000
3072.000000 1011.000000
3106.500000 1012.000000
3143.409180 1011.959656
3180.038574 1012.939392
3214.000000 1012.500000
3250.500000 1014.000000
3285.538574 1014.858337
3321.807129 1015.093140
3357.959229 1014.067505
2345.486084 1025.928589
2382.500000 1027.500000
2419.609619 1028.763184
2456.317627 1031.319458
2493.776123 1031.721069
2529.843262 1032.351807
2567.482178 1033.824097
2602.500000 1034.000000
2639.260742 1035.334961
2678.453613 1036.634766
2713.000000 1037.000000
2749.000000 1039.000000
2785.652100 1040.085327
2821.661133 1039.382812
2857.714844 1042.549927
2893.483643 1042.961304
2928.811768 1043.181274
2966.531006 1043.582520
3001.953613 1045.709961
3036.507324 1045.046509
3072.000000 1047.500000
3109.648926 1046.927734
3144.951660 1047.633789
3179.986328 1047.588379
3217.500000 1048.000000
3252.664795 1047.949463
3289.014648 1050.593994
3324.500000 1051.000000
3360.535645 1051.648315
2346.000000 1062.500000
2383.496094 1063.533203
2420.141846 1065.286133
2457.917725 1066.660767
2493.236572 1067.608887
2531.575439 1069.341675
2567.857666 1069.365112
2604.971924 1070.959106
2639.925781 1072.201294
2677.500000 1072.500000
2713.415283 1072.926147
2751.070068 1075.638550
2786.207275 1075.802734
2822.006836 1076.282471
2859.367920 1075.938477
2894.260742 1077.839355
2930.481445 1078.460693
2966.478027 1079.682495
3003.000000 1080.500000
3038.500000 1081.000000
3075.019775 1081.990845
3111.000000 1082.000000
3146.408203 1082.469971
3182.311035 1083.800415
3217.000000 1083.000000
3252.500000 1086.000000
3289.494385 1085.001709
3324.914307 1086.525024
3361.000000 1086.500000
2347.903076 1099.161621
2384.257812 1100.239014
2420.299316 1101.161377
2457.000000 1101.000000
2495.681152 1104.016479
2531.452637 1104.468628
2568.399170 1105.489868
2606.500000 1107.500000
2642.743164 1107.905518
2679.056152 1108.157593
2716.000000 1108.000000
2751.265869 1110.930908
2787.373779 1111.092651
2823.735107 1112.503418
2859.452393 1113.070312
2896.106689 1114.163330
2932.500000 1114.000000
2966.030518 1115.381958
3003.490234 1115.465576
3040.000000 1116.500000
3076.087402 1117.542725
3112.000000 1118.000000
3148.740967 1119.889771
3182.451416 1119.297485
3220.700684 1120.387085
3256.000000 1120.000000
3292.500000 1120.000000
3326.829346 1121.512329
3363.473633 1123.379028
2347.131592 1135.349854
2384.629639 1136.333984
2422.036133 1136.938843
2458.698975 1138.439575
2495.200195 1139.405151
2533.785400 1140.902100
2568.984375 1141.433228
2605.291260 1141.662476
2643.172119 1142.533203
2677.794189 1143.816162
2716.751465 1144.779175
2752.000000 1146.500000
2789.143555 1146.366577
2824.451660 1147.223755
2859.423340 1148.748901
2897.175293 1149.196289
2933.095703 1150.026489
2969.731201 1151.148315
3006.440430 1151.254272
3041.035645 1151.213135
3078.297363 1152.519043
3113.124756 1152.581177
3149.547119 1155.986084
3186.097412 1155.692383
3221.640381 1153.985596
3258.500000 1155.500000
3293.814209 1156.564941
3328.575439 1156.853394
3364.491699 1156.319336
2348.174072 1171.364502
2385.205078 1172.344604
2422.362549 1173.179199
2459.912842 1173.608398
2497.246582 1176.318726
2533.538818 1176.510010
2570.953369 1177.996338
2606.990967 1178.504150
2643.686768 1179.279419
2680.286621 1180.351074
2717.586670 1181.687134
2753.500000 1182.000000
2788.731445 1182.503784
2826.424805 1182.922607
2863.589600 1185.113159
2898.551025 1184.932861
2935.299072 1186.881348
2971.000000 1186.500000
3007.000000 1187.500000
3043.400146 1186.246826
3079.000000 1188.500000
3114.915283 1189.469116
3151.077881 1190.547974
3187.727539 1189.664062
3222.511230 1190.100220
3258.500000 1190.500000
3295.000000 1192.000000
3331.500000 1193.500000
3366.541748 1192.990234
2348.487549 1207.431763
2385.774902 1208.258545
2422.957275 1209.472046
2460.518066 1210.425537
2496.000000 1210.500000
2533.317871 1212.156982
2571.193604 1213.719116
2608.790771 1214.665527
2645.002441 1215.762451
2680.956543 1215.875488
2718.155273 1216.814331
2755.346191 1218.648804
2791.309570 1219.221069
2827.601074 1220.462158
2863.597168 1219.448730
2899.812256 1222.141724
2936.507324 1221.420898
2972.500000 1223.000000
3008.500000 1223.000000
3044.089111 1224.392578
3080.831299 1224.316284
3115.129639 1224.559204
3152.825928 1225.567139
3189.811768 1226.948242
3224.500000 1226.500000
3261.700195 1227.348389
3296.291748 1229.863037
3332.618164 1227.617676
3369.419922 1228.130127
2349.311279 1243.615601
2387.232910 1243.381470
2424.004639 1246.225098
2461.465576 1246.194336
2498.592773 1248.726318
2536.161621 1248.052734
2572.034424 1249.487671
2609.043701 1250.375488
2645.978516 1251.526123
2683.000000 1252.500000
2719.591064 1254.420410
2755.606689 1253.852173
2791.000000 1255.500000
2829.119385 1255.433228
2864.881836 1256.639038
2901.551025 1257.479492
2937.755127 1257.814819
2973.879395 1258.103760
3009.660156 1259.108154
3046.272217 1259.688354
3082.043945 1260.435059
3118.220703 1260.831055
3153.916260 1261.511719
3191.594727 1261.690552
3227.247314 1263.655029
3261.500000 1262.000000
3297.500000 1264.000000
3335.050537 1263.054565
3370.707520 1266.062378
2350.549072 1279.422241
2387.007080 1281.315063
2424.565186 1282.632935
2461.942627 1283.394165
2499.362061 1283.982910
2536.094971 1285.262451
2573.038086 1286.189209
2609.961426 1286.745239
2646.587158 1287.839233
2682.456055 1288.213501
2719.994629 1289.400391
2756.430908 1290.034424
2793.000000 1291.000000
2829.550049 1291.711670
2866.049561 1292.525146
2903.106445 1293.847046
2937.879883 1294.414307
2975.488281 1295.089478
3011.471191 1295.136230
3047.669189 1295.461914
3083.980469 1296.590088
3120.000000 1297.000000
3156.000000 1297.500000
3191.968750 1297.991577
3228.894287 1298.481812
3264.374756 1300.462891
3299.500000 1299.000000
3336.211670 1299.576782
3372.500000 1300.500000
2351.100342 1317.773682
2388.707031 1317.157349
2426.074951 1319.574707
2462.688965 1319.607422
2499.878906 1320.702148
2537.045410 1321.456055
2574.226318 1322.355103
2610.447510 1323.923340
2647.107178 1323.022339
2684.094971 1325.115845
2721.093750 1325.350586
2757.281006 1327.149536
2794.967529 1328.137573
2830.863525 1327.813232
2867.500000 1328.000000
2903.525391 1329.699219
2940.635254 1330.702026
2977.146484 1330.390625
3011.810547 1330.639160
3049.294678 1331.195312
3085.763184 1333.328979
3121.060303 1332.940918
3157.472412 1333.683716
3193.420654 1334.036133
3229.480957 1332.799438
3265.260986 1335.340332
3302.725830 1336.388550
3337.179199 1335.889404
3374.795410 1336.778931
2351.365723 1353.723633
2388.657715 1354.415894
2427.214355 1354.649048
2464.136963 1356.727539
2501.344482 1356.100220
2537.656982 1357.731567
2575.530762 1357.861206
2611.991211 1359.454224
2650.297607 1360.107056
2685.078369 1360.377319
2721.711670 1362.416870
2759.028809 1362.576538
2795.505127 1363.757324
2831.471924 1363.365845
2868.600342 1364.561523
2904.997803 1365.550781
2941.199463 1366.219727
2977.939209 1366.566284
3014.667969 1366.647705
3050.696777 1367.692505
3086.950684 1368.331177
3122.384766 1368.237427
3158.971924 1369.500122
3194.508789 1369.013794
3231.000000 1370.000000
3266.500000 1371.500000
3303.405029 1371.027222
3340.876221 1372.173096
3376.035889 1372.514893
2351.499512 1390.061646
2389.181641 1391.290283
2426.791748 1392.183594
2464.426514 1392.698853
2500.669434 1392.451538
2539.353271 1393.526855
2577.000000 1394.000000
2612.859863 1395.907593
2649.122070 1396.167114
2686.568604 1397.497681
2723.373291 1398.404175
2761.000000 1398.768799
2796.723877 1399.671997
2833.156494 1400.715332
2870.381104 1401.940186
2906.495850 1401.996948
2944.286865 1402.877930
2978.606934 1403.361084
3015.500732 1403.801025
3052.010254 1403.930176
3088.000000 1405.000000
3125.062256 1405.005371
3162.052490 1406.121826
3196.622559 1406.131226
3233.000000 1406.500000
3269.430908 1406.449951
3306.000000 1406.500000
3340.417480 1408.455078
3377.292236 1408.225830
2352.743652 1425.578125
2390.043701 1428.219604
2427.551025 1428.541382
2464.220215 1428.736938
2503.135254 1429.582886
2540.516113 1431.804199
2577.266846 1431.236572
2612.793945 1432.222778
2651.674805 1432.814087
2686.450195 1433.719238
2724.638184 1435.125122
2761.213623 1435.326660
2798.396484 1435.564331
2834.553955 1436.947266
2871.747070 1436.739990
2906.600586 1437.562256
2943.918701 1438.642578
2980.751221 1439.600830
3016.657471 1440.765259
3052.887939 1439.129639
3089.594482 1441.254150
3127.000000 1440.500000
3162.134277 1441.397827
3197.553955 1442.122925
3235.500000 1443.000000
3272.500000 1442.000000
3307.000000 1443.500000
3344.500000 1443.000000
3379.112305 1444.984253
2353.072998 1463.942383
2391.845459 1464.260498
2428.575439 1465.659668
2465.503174 1466.549927
2502.898193 1466.756104
2540.373291 1467.824219
2578.423828 1469.037476
2614.579834 1469.177856
2651.379639 1469.909058
2688.316406 1471.046143
2725.557373 1471.570557
2763.046631 1471.358887
2798.574463 1472.146973
2835.830078 1473.454346
2872.533691 1474.311279
2909.040771 1474.559326
2946.507324 1475.698608
2982.478760 1475.287354
3017.416260 1475.318237
3055.279541 1475.487427
3091.525635 1477.967896
3126.643555 1477.807617
3163.931641 1478.051392
3200.898193 1477.993896
3236.500000 1478.500000
3272.824951 1479.228149
3308.000000 1480.500000
3344.604004 1480.487183
3381.531006 1480.521118
2354.149414 1500.301636
2391.896484 1502.340088
2429.047852 1502.521973
2467.421143 1503.974731
2504.821777 1503.424805
2540.000000 1506.000000
2577.835938 1506.068604
2615.573242 1505.720337
2653.519531 1505.988525
2689.336914 1507.431763
2727.132080 1507.446899
2763.246094 1508.485107
2800.056885 1508.949951
2837.065674 1509.830811
2873.767578 1510.457397
2909.171143 1510.270264
2946.590088 1511.723267
2983.385254 1512.033081
3019.771484 1512.713257
3055.999756 1512.962769
3092.675537 1513.315674
3129.705322 1514.682495
3165.290039 1514.595215
3201.552490 1514.836304
3238.031250 1515.391846
3274.500000 1515.500000
3311.499756 1515.169922
3346.724609 1515.369141
3382.263672 1517.159058
2353.996582 1537.928589
2391.749512 1538.905396
2429.469971 1539.520874
2466.000000 1539.000000
2503.876221 1540.135254
2541.993652 1541.497681
2578.673584 1541.160889
2616.618652 1542.889893
2653.547119 1543.417358
2690.673828 1543.975830
2727.798340 1545.012817
2765.098389 1545.001099
2800.583496 1545.229004
2836.871338 1547.210938
2874.332275 1546.454590
2911.073486 1548.355469
2948.264648 1548.226562
2984.679443 1548.605469
3022.164551 1549.781128
3058.500000 1550.000000
3093.355225 1549.312012
3132.000000 1551.500000
3168.000000 1550.000000
3204.000000 1551.500000
3240.343262 1553.079468
3276.500000 1552.000000
3314.879639 1552.589600
3348.000000 1551.500000
3385.976807 1554.032104
2354.885498 1574.986816
2392.432129 1575.572632
2430.000000 1576.730713
2468.479248 1577.607178
2505.487793 1577.791870
2542.708008 1578.473999
2580.203369 1578.891724
2617.379150 1579.648560
2654.572021 1580.499390
2692.683350 1581.622192
2728.806396 1581.687866
2764.923340 1581.412964
2802.944580 1581.072388
2839.700684 1583.474121
2876.676270 1582.564941
2911.959961 1583.686157
2949.844971 1584.556519
2986.166504 1585.427368
3022.716309 1585.650146
3059.274902 1586.421021
3095.681396 1586.504395
3131.781982 1587.035034
3167.894287 1588.522827
3206.188477 1588.335449
3241.489014 1588.046265
3278.500000 1588.000000
3314.535889 1589.058105
3350.809814 1589.105957
3387.276611 1589.753540
2355.792969 1613.049561
2393.180908 1612.992188
2431.047363 1613.778076
2468.584473 1614.334717
2506.224609 1614.923584
2544.452881 1614.902954
2581.172119 1616.267578
2618.244385 1616.693359
2655.663086 1617.496338
2693.533691 1617.369507
2729.799316 1618.580078
2766.856201 1618.846924
2803.482178 1619.339478
2840.535400 1619.960083
2877.555664 1620.788818
2914.725342 1620.338379
2949.722900 1620.869507
2987.752441 1621.639160
3024.055176 1622.421997
3060.932373 1622.946045
3097.635010 1623.833496
3133.522217 1623.606689
3171.085938 1624.790771
3206.451416 1625.238281
3244.406982 1625.207397
3279.506104 1625.191895
3316.207275 1625.517456
3352.500000 1625.500000
3389.000000 1626.500000
2355.365967 1649.788452
2394.392578 1651.088989
2431.235107 1651.075928
2468.881348 1651.468872
2507.615967 1651.483032
2544.707031 1652.706055
2582.835693 1652.660156
2619.426025 1653.959473
2656.747559 1654.095825
2692.957031 1654.241943
2730.919434 1655.412964
2767.634766 1655.662476
2805.030273 1656.422363
2841.055908 1656.072388
2879.319824 1656.273071
2916.010986 1658.570923
2952.306641 1658.259155
2988.783447 1658.557739
3027.000000 1660.500000
3062.302979 1659.472656
3099.267578 1659.105347
3135.542969 1660.657104
3172.857666 1660.020020
3208.531006 1661.026001
3245.428955 1661.630005
3282.500000 1661.000000
3319.500000 1663.500000
3355.051025 1663.313110
3391.500000 1662.500000
2355.333496 1686.443115
2393.446777 1688.431763
2432.027588 1688.185547
2470.700928 1688.044922
2507.520020 1689.443848
2545.233887 1690.000610
2582.396240 1689.977173
2620.144531 1691.210693
2657.524902 1691.603638
2694.936768 1691.838623
2731.512695 1692.036743
2769.683350 1692.044556
2805.909424 1693.529663
2842.966309 1693.943481
2879.979492 1694.542358
2916.804688 1694.640869
2953.712402 1695.243042
2990.293213 1695.813721
3027.073975 1695.823364
3063.547119 1696.562012
3100.332031 1696.647583
3137.215820 1697.196777
3174.243896 1698.765137
3210.158691 1697.295410
3246.795898 1698.018066
3283.565918 1698.432983
3319.000000 1700.000000
3356.357422 1698.853882
3392.296387 1698.877930
2357.500000 1726.000000
2394.948242 1725.413818
2432.499023 1725.997681
2470.366455 1726.069702
2508.048828 1727.060059
2545.893066 1727.149536
2584.570068 1726.989014
2620.949463 1728.174316
2658.424072 1728.786865
2696.518799 1729.924072
2732.918701 1729.787476
2770.034668 1729.934326
2807.020508 1730.491577
2843.505859 1730.287231
2880.964844 1731.421265
2918.210205 1731.908569
2954.816650 1732.378418
2991.819580 1732.624878
3027.516113 1733.544189
3064.719727 1732.375366
3102.042480 1733.532471
3139.530518 1734.722290
3175.787354 1733.592529
3211.712891 1733.952026
3247.072998 1735.502808
3285.081299 1735.467163
3321.060791 1736.448120
3358.760986 1736.160889
3393.995850 1736.812378
