75.149300 1694.207642
100.750549 1694.138672
125.700378 1694.071655
151.324158 1694.002686
177.497055 1693.932251
203.148071 1693.863281
229.161240 1693.793335
254.570358 1693.724976
280.136627 1693.656250
305.346771 1693.588379
331.681824 1693.517578
357.428833 1693.448242
382.292145 1693.381348
408.660919 1693.310547
434.382568 1693.241211
459.948700 1693.172607
485.532318 1693.103760
510.978729 1693.035278
536.816711 1692.965820
562.344238 1692.896973
587.794678 1692.828613
613.547241 1692.759277
639.402100 1692.689819
665.400024 1692.619873
691.241516 1692.550293
716.669495 1692.481934
742.388000 1692.412720
768.638245 1692.342163
795.005127 1692.271240
820.648804 1692.202271
845.975952 1692.134033
871.290894 1692.066040
896.212097 1691.999023
74.902588 1668.931763
100.513222 1668.881226
125.368515 1668.832153
151.026566 1668.781494
177.215118 1668.729736
202.893311 1668.679199
228.919327 1668.627808
254.370483 1668.577515
279.984528 1668.526978
305.242889 1668.477173
331.551971 1668.425171
357.315948 1668.374390
382.260742 1668.325073
408.606384 1668.273193
434.336151 1668.222412
459.922516 1668.171875
485.519440 1668.121338
511.030396 1668.071045
536.850037 1668.020020
562.424377 1667.969604
587.899475 1667.919312
613.676453 1667.868408
639.546936 1667.817383
665.555908 1667.766113
691.401855 1667.715088
716.885376 1667.664673
742.620667 1667.614014
768.871887 1667.562134
795.225647 1667.510132
820.908569 1667.459473
846.313110 1667.409302
871.597412 1667.359375
896.538513 1667.310181
74.636780 1641.694214
100.258881 1641.816284
125.014847 1641.934204
150.711243 1642.056641
176.918121 1642.181396
202.626495 1642.303833
228.667480 1642.427979
254.163605 1642.549316
279.828064 1642.671631
305.136627 1642.792236
331.419952 1642.917480
357.201904 1643.040283
382.229187 1643.159424
408.551941 1643.284790
434.290131 1643.407471
459.896667 1643.529419
485.506836 1643.651367
511.080688 1643.773193
536.882324 1643.896118
562.501282 1644.018188
587.999573 1644.139648
613.798950 1644.262573
639.683472 1644.385864
665.701782 1644.509766
691.550903 1644.632935
717.084717 1644.754517
742.834045 1644.877197
769.084595 1645.002197
795.424988 1645.127686
821.141724 1645.250244
846.613586 1645.371582
871.868774 1645.491821
896.825378 1645.610718
74.394104 1616.834717
100.025146 1616.935791
124.687431 1617.033081
150.417191 1617.134521
176.639099 1617.237915
202.373962 1617.339355
228.427307 1617.442139
253.964859 1617.542847
279.676575 1617.644287
305.033020 1617.744263
331.290192 1617.847778
357.088928 1617.949585
382.197723 1618.048584
408.497192 1618.152344
434.243469 1618.253784
459.870300 1618.354858
485.493866 1618.455933
511.132874 1618.557007
536.916077 1618.658691
562.582458 1618.759888
588.105957 1618.860596
613.930298 1618.962402
639.830933 1619.064575
665.860779 1619.167236
691.714600 1619.269165
717.305542 1619.370117
743.072388 1619.471680
769.324341 1619.575195
795.651550 1619.679077
821.409058 1619.780640
846.961121 1619.881348
872.185242 1619.980835
897.162842 1620.079346
74.158386 1592.685547
99.797638 1592.721802
124.368233 1592.756470
150.129990 1592.792969
176.366058 1592.830078
202.126389 1592.866455
228.191437 1592.903320
253.769302 1592.939453
279.527283 1592.975830
304.930695 1593.011719
331.161865 1593.048828
356.976959 1593.085327
382.166473 1593.120972
408.442749 1593.158081
434.196991 1593.194458
459.843964 1593.230713
485.480896 1593.266968
511.185150 1593.303345
536.949951 1593.339722
562.664062 1593.376099
588.213074 1593.412231
614.062744 1593.448730
639.979919 1593.485352
666.021606 1593.522217
691.880615 1593.558838
717.529724 1593.595093
743.314880 1593.631470
769.568604 1593.668579
795.882874 1593.705811
821.682434 1593.742310
847.317017 1593.778564
872.509888 1593.814087
897.509644 1593.849487
73.906616 1566.891113
99.555725 1566.975830
124.030319 1567.056641
149.827332 1567.141846
176.079651 1567.228516
201.867905 1567.313599
227.946289 1567.399780
253.566986 1567.484375
279.373505 1567.569580
304.825806 1567.653564
331.030884 1567.740112
356.863251 1567.825439
382.134857 1567.908813
408.387939 1567.995605
434.150391 1568.080566
459.817688 1568.165405
485.468018 1568.250122
511.236816 1568.335205
536.983215 1568.420166
562.743958 1568.505249
588.317505 1568.589722
614.191345 1568.675049
640.123962 1568.760742
666.176392 1568.846802
692.039551 1568.932129
717.743530 1569.016968
743.544983 1569.102173
769.799438 1569.188965
796.100403 1569.275757
821.938354 1569.361084
847.648804 1569.445923
872.811218 1569.529053
897.830139 1569.611694
73.667572 1542.399048
99.324951 1542.418823
123.706612 1542.437622
149.536087 1542.457520
175.802780 1542.477783
201.616867 1542.497559
227.707108 1542.517700
253.368713 1542.537476
279.222107 1542.557373
304.722046 1542.577026
330.900757 1542.597290
356.749756 1542.617188
382.103180 1542.636719
408.332733 1542.656860
434.103271 1542.676758
459.791016 1542.696533
485.454865 1542.716309
511.289795 1542.736206
537.017578 1542.756104
562.826599 1542.775879
588.426086 1542.795654
614.325562 1542.815674
640.274963 1542.835693
666.339417 1542.855713
692.207764 1542.875610
717.970764 1542.895508
743.790710 1542.915405
770.046997 1542.935547
796.334839 1542.955933
822.215332 1542.975830
848.009399 1542.995728
873.140137 1543.015015
898.181458 1543.034302
73.416809 1516.708252
99.084015 1516.779419
123.370132 1516.846680
149.234756 1516.918335
175.517670 1516.991211
201.359573 1517.062744
227.463120 1517.135010
253.167374 1517.206299
279.069122 1517.278076
304.617676 1517.348755
330.770477 1517.421265
356.636627 1517.492920
382.071747 1517.563354
408.278259 1517.635986
434.056946 1517.707397
459.764893 1517.778687
485.442047 1517.849731
511.341156 1517.921509
537.050659 1517.992798
562.906006 1518.064331
588.529846 1518.135376
614.453308 1518.207153
640.418030 1518.279053
666.493103 1518.351318
692.365662 1518.422974
718.183044 1518.494507
744.019165 1518.566162
770.276062 1518.638916
796.550720 1518.711670
822.469299 1518.783447
848.338562 1518.855103
873.439087 1518.924683
898.499329 1518.994141
73.173981 1491.827026
98.849701 1491.836670
123.041405 1491.845703
148.939041 1491.855469
175.236588 1491.865234
201.104767 1491.875000
227.220398 1491.884766
252.966202 1491.894409
278.915558 1491.904175
304.512451 1491.913818
330.638489 1491.923584
356.521545 1491.933350
382.039642 1491.942871
408.222290 1491.952637
434.009186 1491.962402
459.737854 1491.972046
485.428741 1491.981689
511.394836 1491.991455
537.085449 1492.000977
562.989746 1492.010742
588.639771 1492.020386
614.589172 1492.030151
640.570862 1492.039795
666.658081 1492.049683
692.535828 1492.059326
718.412903 1492.069092
744.267700 1492.078735
770.526428 1492.088623
796.787720 1492.098511
822.749329 1492.108154
848.703125 1492.117920
873.771484 1492.127319
898.854370 1492.136719
72.927612 1466.587646
98.612610 1466.610962
122.709892 1466.632812
148.641724 1466.656494
174.954865 1466.680420
200.850143 1466.703979
226.978577 1466.727661
252.766357 1466.751221
278.763458 1466.774780
304.408569 1466.798096
330.508606 1466.821899
356.408600 1466.845459
382.008209 1466.868774
408.167725 1466.892578
433.962708 1466.916016
459.711609 1466.939453
485.415863 1466.962769
511.446594 1466.986450
537.118835 1467.009888
563.070007 1467.033447
588.744812 1467.056763
614.718689 1467.080444
640.716125 1467.104126
666.814392 1467.127808
692.696655 1467.151367
718.629456 1467.174927
744.501160 1467.198486
770.760864 1467.222412
797.009033 1467.246216
823.010071 1467.269897
849.041626 1467.293579
874.079346 1467.316406
899.182251 1467.339233
72.685486 1441.781006
98.379364 1441.784790
122.383224 1441.788330
148.348358 1441.792236
174.676483 1441.796143
200.598221 1441.799927
226.738998 1441.803833
252.568100 1441.807739
278.612366 1441.811523
304.305206 1441.815308
330.379181 1441.819214
356.295929 1441.823120
381.976807 1441.826904
408.113129 1441.830688
433.916199 1441.834595
459.685303 1441.838379
485.402924 1441.842163
511.498627 1441.846069
537.152466 1441.849854
563.150940 1441.853760
588.850891 1441.857544
614.849548 1441.861450
640.863159 1441.865234
666.972839 1441.869141
692.859863 1441.872925
718.849548 1441.876831
744.738708 1441.880615
770.999756 1441.884521
797.234802 1441.888428
823.276489 1441.892334
849.387878 1441.896240
874.394714 1441.899902
899.518433 1441.903564
72.430298 1415.634888
98.134186 1415.695435
122.040878 1415.751831
148.041824 1415.813110
174.386520 1415.875244
200.336578 1415.936401
226.490936 1415.998047
252.363449 1416.059082
278.456879 1416.120605
304.199158 1416.181274
330.246826 1416.242676
356.181030 1416.303833
381.944885 1416.364624
408.057770 1416.426147
433.869171 1416.486938
459.658783 1416.547729
485.389923 1416.608398
511.550720 1416.670166
537.186096 1416.730591
563.231445 1416.791992
588.956116 1416.852661
614.979065 1416.913940
641.008118 1416.975342
667.128601 1417.036865
693.019775 1417.097900
719.064575 1417.159302
744.970093 1417.220459
771.231750 1417.282349
797.453369 1417.344116
823.533508 1417.405640
849.720947 1417.467407
874.697083 1417.526245
899.839966 1417.585571
72.182251 1390.223145
97.895386 1390.279785
121.706650 1390.332397
147.741852 1390.389771
174.102066 1390.447876
200.079315 1390.505249
226.246445 1390.562988
252.161270 1390.620117
278.302887 1390.677734
304.093903 1390.734619
330.115112 1390.791992
356.066437 1390.849243
381.912964 1390.906250
408.002319 1390.963867
433.821930 1391.020752
459.632111 1391.077759
485.376801 1391.134521
511.603455 1391.192383
537.220154 1391.248779
563.313354 1391.306396
589.063354 1391.363159
615.111389 1391.420654
641.156677 1391.478027
667.288574 1391.535767
693.184448 1391.592896
719.286499 1391.650391
745.209473 1391.707642
771.472351 1391.765503
797.680664 1391.823364
823.801453 1391.880981
850.069031 1391.938843
875.013916 1391.993896
900.177612 1392.049438
71.943726 1365.785522
97.665436 1365.808105
121.384468 1365.828979
147.452332 1365.851807
173.827179 1365.875000
199.830399 1365.897827
226.009583 1365.920776
251.965134 1365.943604
278.153320 1365.966553
303.991516 1365.989258
329.986877 1366.012085
355.954712 1366.034912
381.881836 1366.057617
407.948120 1366.080566
433.775696 1366.103271
459.605957 1366.125854
485.363953 1366.148560
511.655243 1366.171631
537.253662 1366.194092
563.393982 1366.217041
589.169067 1366.239624
615.242004 1366.262573
641.303406 1366.285400
667.446777 1366.308350
693.347534 1366.331177
719.506531 1366.354126
745.447144 1366.376831
771.711548 1366.399902
797.906860 1366.422974
824.068481 1366.445923
850.416321 1366.468994
875.330322 1366.490967
900.515137 1366.513062
71.694366 1340.237915
97.425354 1340.256958
121.048462 1340.274536
147.150787 1340.293945
173.541229 1340.313599
199.571777 1340.332886
225.763794 1340.352417
251.761887 1340.371704
277.998535 1340.391113
303.885712 1340.410400
329.854462 1340.429688
355.839508 1340.448975
381.849762 1340.468384
407.892365 1340.487671
433.728210 1340.506836
459.579132 1340.526123
485.350769 1340.545288
511.708221 1340.564819
537.287903 1340.583862
563.476257 1340.603271
589.276917 1340.622437
615.375000 1340.641846
641.452637 1340.661255
667.607544 1340.680664
693.513000 1340.699951
719.729553 1340.719360
745.687683 1340.738647
771.953308 1340.758179
798.135254 1340.777710
824.337708 1340.797119
850.766052 1340.816772
875.648560 1340.835327
900.854370 1340.854004
71.445618 1314.752441
97.185944 1314.776611
120.713493 1314.798706
146.850250 1314.823242
173.256363 1314.847900
199.314224 1314.872437
225.519104 1314.896973
251.559601 1314.921387
277.844513 1314.946045
303.780457 1314.970337
329.722839 1314.994751
355.725006 1315.019165
381.817871 1315.043579
407.837006 1315.067993
433.681061 1315.092285
459.552490 1315.116455
485.337677 1315.140625
511.760803 1315.165527
537.321838 1315.189453
563.557861 1315.214111
589.383728 1315.238281
615.506714 1315.262817
641.600464 1315.287231
667.766663 1315.311768
693.676697 1315.336060
719.950134 1315.360718
745.925598 1315.385132
772.192322 1315.409790
798.360901 1315.434326
824.603699 1315.458862
851.111450 1315.483765
875.962830 1315.507080
901.189209 1315.530762
71.195740 1289.150513
96.945465 1289.180176
120.376999 1289.207153
146.548370 1289.237183
172.970200 1289.267700
199.055511 1289.297607
225.273331 1289.327881
251.356430 1289.357788
277.689850 1289.388184
303.674774 1289.417969
329.590607 1289.447876
355.610016 1289.477783
381.785858 1289.507935
407.781372 1289.537842
433.633728 1289.567505
459.525757 1289.597290
485.324554 1289.627075
511.813599 1289.657471
537.355957 1289.686890
563.639771 1289.717163
589.491028 1289.746826
615.638977 1289.776978
641.748901 1289.807007
667.926453 1289.837158
693.841125 1289.866943
720.171631 1289.897217
746.164429 1289.927124
772.432312 1289.957397
798.587524 1289.987427
824.870789 1290.017700
851.458252 1290.048340
876.278320 1290.076782
901.525330 1290.105835
70.944763 1263.438843
96.703766 1263.460938
120.038742 1263.481079
146.244751 1263.503662
172.682236 1263.526367
198.795044 1263.548828
225.025742 1263.571411
251.151657 1263.593872
277.533844 1263.616577
303.568115 1263.639038
329.457153 1263.661255
355.493866 1263.683716
381.753510 1263.706299
407.725159 1263.728638
433.585815 1263.750854
459.498688 1263.773193
485.311249 1263.795410
511.867065 1263.818237
537.390503 1263.840210
563.722839 1263.862915
589.599854 1263.885132
615.773315 1263.907593
641.899597 1263.930176
668.088806 1263.952637
694.008301 1263.974976
720.396973 1263.997681
746.407532 1264.020020
772.676636 1264.042725
798.818359 1264.065186
825.143005 1264.087769
851.811951 1264.110718
876.600220 1264.132080
901.868408 1264.153809
70.697418 1238.098633
96.465668 1238.119141
119.705513 1238.137695
145.945709 1238.158691
172.398697 1238.179688
198.538620 1238.200684
224.782074 1238.221558
250.950165 1238.242432
277.380402 1238.263550
303.463226 1238.284302
329.325928 1238.305054
355.379700 1238.325806
381.721741 1238.346802
407.669922 1238.367554
433.538788 1238.388184
459.472107 1238.408813
485.298187 1238.429443
511.919586 1238.450684
537.424438 1238.471069
563.804382 1238.492188
589.706604 1238.512817
615.904968 1238.533691
642.047424 1238.554565
668.247986 1238.575439
694.172119 1238.596191
720.617737 1238.617310
746.645691 1238.638062
772.916016 1238.659058
799.044434 1238.679932
825.409485 1238.700928
852.158081 1238.722290
876.915283 1238.742065
902.204102 1238.762207
70.448303 1212.575317
96.225830 1212.593628
119.369858 1212.609985
145.644470 1212.628662
172.113068 1212.647461
198.280319 1212.665894
224.536606 1212.684570
250.747177 1212.703125
277.225830 1212.721924
303.357544 1212.740356
329.193726 1212.758667
355.264679 1212.777222
381.689697 1212.795898
407.614258 1212.814331
433.491364 1212.832642
459.445312 1212.851074
485.285004 1212.869385
511.972473 1212.888306
537.458618 1212.906250
563.886536 1212.925049
589.814209 1212.943359
616.037720 1212.962036
642.196411 1212.980591
668.408447 1212.999146
694.337280 1213.017456
720.840271 1213.036255
746.885742 1213.054688
773.157227 1213.073364
799.272278 1213.091797
825.678101 1213.110596
852.507019 1213.129639
877.232788 1213.147095
902.542603 1213.165039
70.199738 1187.107178
95.986420 1187.119751
119.034851 1187.130981
145.343781 1187.143799
171.827927 1187.156738
198.022400 1187.169556
224.291458 1187.182373
250.544434 1187.195190
277.071411 1187.208130
303.251984 1187.220947
329.061615 1187.233521
355.149719 1187.246338
381.657684 1187.259277
407.558624 1187.271973
433.443970 1187.284546
459.418518 1187.297241
485.271851 1187.309814
512.025391 1187.322876
537.492798 1187.335327
563.968689 1187.348267
589.921875 1187.360962
616.170532 1187.373779
642.345520 1187.386597
668.569031 1187.399414
694.502563 1187.412109
721.063049 1187.425049
747.126099 1187.437744
773.398804 1187.450562
799.500488 1187.463379
825.947205 1187.476196
852.856628 1187.489380
877.550903 1187.501465
902.881653 1187.513794
69.953308 1161.862183
95.749146 1161.863403
118.702629 1161.864502
145.045532 1161.865845
171.545013 1161.867188
197.766449 1161.868408
224.048141 1161.869751
250.343155 1161.871094
276.918060 1161.872314
303.147125 1161.873657
328.930389 1161.874878
355.035492 1161.876221
381.625885 1161.877441
407.503296 1161.878784
433.396851 1161.880005
459.391907 1161.881348
485.258759 1161.882568
512.078064 1161.883911
537.526855 1161.885132
564.050537 1161.886475
590.029114 1161.887695
616.302856 1161.888916
642.494019 1161.890259
668.729004 1161.891602
694.667297 1161.892822
721.285156 1161.894165
747.365784 1161.895386
773.639771 1161.896729
799.728149 1161.897949
826.215698 1161.899292
853.205505 1161.900635
877.868652 1161.901855
903.220215 1161.903076
69.698761 1135.780029
95.504059 1135.781372
118.359688 1135.782471
144.737793 1135.783813
171.253250 1135.785156
197.502609 1135.786499
223.797440 1135.787842
250.135849 1135.789062
276.760193 1135.790527
303.039215 1135.791748
328.795410 1135.793091
354.918060 1135.794434
381.593170 1135.795776
407.446503 1135.797119
433.348480 1135.798340
459.364563 1135.799683
485.245331 1135.801025
512.132019 1135.802368
537.561707 1135.803589
564.134338 1135.804932
590.138855 1135.806274
616.438232 1135.807617
642.645935 1135.808960
668.892578 1135.810303
694.835693 1135.811523
721.512024 1135.812988
747.610474 1135.814209
773.885681 1135.815552
799.960449 1135.816895
826.489502 1135.818237
853.561157 1135.819580
878.192139 1135.820801
903.565063 1135.822144
69.453033 1110.609253
95.267456 1110.601440
118.028503 1110.594482
144.440491 1110.586548
170.971268 1110.578613
197.247528 1110.570557
223.554962 1110.562744
249.935287 1110.554688
276.607422 1110.546631
302.934753 1110.538818
328.664673 1110.531006
354.804291 1110.523071
381.561493 1110.515015
407.391418 1110.507202
433.301544 1110.499390
459.338043 1110.491455
485.232300 1110.483643
512.184448 1110.475586
537.595581 1110.467896
564.215759 1110.459839
590.245544 1110.451904
616.569885 1110.443970
642.793762 1110.436157
669.051819 1110.428223
694.999573 1110.420410
721.733032 1110.412354
747.848877 1110.404419
774.125366 1110.396484
800.186890 1110.388672
826.756531 1110.380615
853.908081 1110.372314
878.507996 1110.364990
903.901733 1110.357178
69.211227 1085.831909
95.034576 1085.818848
117.702591 1085.807373
144.147964 1085.793945
170.693863 1085.780396
196.996613 1085.767090
223.316483 1085.753662
249.738068 1085.740356
276.457184 1085.726807
302.832062 1085.713379
328.536163 1085.700439
354.692474 1085.687012
381.530334 1085.673462
407.337280 1085.660400
433.255432 1085.647217
459.311981 1085.634033
485.219482 1085.620850
512.235901 1085.607178
537.628845 1085.594238
564.295715 1085.580811
590.350281 1085.567505
616.699097 1085.554199
642.938782 1085.540771
669.208008 1085.527588
695.160400 1085.514404
721.949707 1085.500732
748.082703 1085.487549
774.360352 1085.474121
800.408875 1085.460938
827.018250 1085.447510
854.248108 1085.433594
878.817505 1085.421143
904.231567 1085.408203
