769.665039 1233.774414
796.417664 1233.610474
822.543335 1233.450317
849.695190 1233.283936
875.547974 1233.125610
902.669495 1232.959473
929.669006 1232.793945
956.491821 1232.629639
983.446899 1232.464478
1010.325806 1232.299805
1036.741699 1232.137817
1063.469971 1231.974121
1090.063110 1231.811157
1116.521362 1231.649048
1143.495850 1231.483765
1169.676025 1231.323364
1196.683105 1231.157837
1223.368530 1230.994385
1249.455811 1230.834473
1275.798950 1230.673096
1303.064087 1230.506104
1329.951538 1230.341309
1356.161499 1230.180664
1382.623901 1230.018555
1409.141113 1229.856079
1436.159790 1229.690430
1462.371216 1229.529907
1488.790039 1229.368042
1515.578125 1229.203857
1542.087402 1229.041504
1568.539917 1228.879395
1594.251221 1228.721924
1619.811279 1228.565186
769.597656 1207.244385
796.350586 1207.087280
822.507446 1206.933838
849.644531 1206.774536
875.557678 1206.622314
902.657959 1206.463379
929.642517 1206.304932
956.471252 1206.147461
983.381470 1205.989502
1010.257629 1205.831787
1036.689209 1205.676636
1063.415161 1205.519775
1090.008423 1205.363770
1116.468262 1205.208374
1143.433105 1205.050049
1169.623901 1204.896484
1196.618530 1204.738037
1223.283447 1204.581421
1249.392090 1204.428223
1275.751099 1204.273438
1302.976440 1204.113770
1329.825562 1203.956055
1356.068970 1203.802002
1382.526001 1203.646729
1409.045654 1203.491089
1436.031250 1203.332764
1462.296875 1203.178589
1488.745483 1203.023315
1515.506714 1202.866333
1542.013306 1202.710693
1568.473511 1202.555420
1594.120361 1202.404785
1619.674927 1202.254883
769.529907 1180.567871
796.283203 1180.432983
822.471436 1180.301025
849.593689 1180.164185
875.567444 1180.033203
902.646423 1179.896729
929.615967 1179.760742
956.450623 1179.625488
983.316040 1179.489990
1010.189453 1179.354492
1036.636841 1179.221191
1063.360352 1179.086426
1089.953735 1178.952393
1116.415405 1178.818848
1143.370605 1178.682983
1169.571899 1178.550903
1196.554077 1178.414917
1223.198730 1178.280518
1249.328613 1178.148804
1275.703491 1178.015869
1302.889282 1177.878784
1329.700439 1177.743530
1355.977173 1177.611084
1382.428833 1177.477783
1408.951050 1177.343994
1435.903931 1177.208130
1462.223267 1177.075439
1488.701294 1176.941895
1515.436035 1176.807129
1541.940186 1176.673584
1568.407959 1176.540039
1593.991211 1176.411133
1619.540283 1176.282227
769.462891 1154.184937
796.216553 1154.069458
822.435730 1153.956299
849.543396 1153.839355
875.577087 1153.727051
902.634949 1153.610229
929.589722 1153.494019
956.430176 1153.378174
983.251282 1153.262451
1010.121948 1153.146484
1036.584961 1153.032349
1063.306030 1152.916992
1089.899658 1152.802246
1116.362915 1152.687988
1143.308716 1152.571777
1169.520508 1152.458618
1196.490234 1152.342285
1223.114746 1152.227417
1249.265747 1152.114502
1275.656372 1152.000732
1302.802979 1151.883545
1329.576538 1151.768066
1355.886230 1151.654419
1382.332520 1151.540405
1408.857178 1151.425903
1435.777588 1151.309692
1462.150269 1151.195923
1488.657593 1151.081543
1515.365967 1150.966309
1541.867554 1150.851929
1568.343018 1150.737671
1593.862915 1150.627563
1619.406738 1150.517334
769.396484 1128.064819
796.150391 1127.926636
822.400330 1127.791138
849.493347 1127.651123
875.586670 1127.516357
902.623535 1127.376709
929.563477 1127.237549
956.409729 1127.098877
983.186340 1126.960693
1010.054138 1126.821899
1036.532715 1126.685059
1063.251343 1126.547119
1089.845093 1126.409790
1116.309937 1126.273071
1143.245972 1126.133911
1169.468262 1125.998535
1196.425537 1125.859253
1223.029419 1125.721802
1249.201660 1125.586670
1275.608154 1125.450317
1302.714600 1125.310303
1329.449585 1125.172119
1355.792969 1125.036133
1382.233643 1124.899536
1408.760620 1124.762573
1435.647461 1124.623657
1462.074829 1124.487183
1488.612305 1124.350098
1515.293335 1124.212280
1541.792358 1124.075439
1568.275391 1123.938599
1593.729492 1123.807129
1619.267578 1123.675293
769.327393 1100.832397
796.081665 1100.729004
822.363586 1100.627563
849.441528 1100.522949
875.596619 1100.421997
902.611755 1100.317627
929.536499 1100.213623
956.388733 1100.109985
983.119751 1100.006714
1009.984863 1099.902954
1036.479370 1099.800659
1063.195679 1099.697510
1089.789673 1099.594727
1116.256226 1099.492554
1143.182617 1099.388550
1169.415649 1099.287231
1196.360229 1099.183228
1222.943604 1099.080444
1249.137329 1098.979370
1275.560059 1098.877319
1302.626465 1098.772705
1329.323120 1098.669678
1355.700195 1098.567871
1382.135498 1098.465698
1408.665039 1098.363281
1435.518921 1098.259521
1462.000610 1098.157227
1488.567871 1098.054688
1515.222046 1097.951660
1541.718628 1097.849365
1568.209351 1097.747070
1593.599487 1097.649048
1619.132080 1097.550415
769.261230 1074.812256
796.015747 1074.688721
822.328308 1074.567261
849.391724 1074.442383
875.606201 1074.321289
902.600342 1074.196655
929.510376 1074.072388
956.368347 1073.948486
983.055054 1073.825195
1009.917358 1073.701172
1036.427490 1073.578857
1063.141235 1073.455444
1089.735352 1073.332764
1116.203491 1073.210449
1143.120239 1073.086182
1169.363770 1072.965088
1196.295776 1072.840698
1222.858643 1072.718140
1249.073608 1072.597046
1275.512207 1072.474976
1302.538696 1072.350220
1329.197021 1072.227173
1355.607422 1072.105225
1382.037109 1071.983154
1408.569092 1071.860718
1435.389526 1071.736816
1461.925781 1071.614380
1488.522827 1071.491577
1515.150024 1071.368652
1541.643799 1071.246338
1568.142334 1071.124023
1593.467041 1071.007080
1618.993896 1070.889160
769.193359 1048.068604
795.948242 1047.977539
822.292175 1047.887817
849.340759 1047.795654
875.615967 1047.706299
902.588806 1047.614380
929.483826 1047.522827
956.347717 1047.431396
982.989685 1047.340576
1009.849243 1047.249146
1036.375122 1047.158813
1063.086426 1047.067871
1089.680786 1046.977295
1116.150635 1046.887207
1143.057861 1046.795532
1169.311890 1046.706177
1196.231567 1046.614502
1222.774292 1046.524170
1249.010498 1046.434814
1275.464844 1046.344727
1302.452026 1046.252808
1329.072632 1046.162231
1355.516235 1046.072144
1381.940674 1045.982178
1408.474976 1045.891846
1435.263062 1045.800537
1461.852661 1045.710083
1488.479126 1045.619385
1515.079834 1045.528809
1541.571289 1045.438599
1568.077393 1045.348389
1593.338989 1045.262329
1618.860718 1045.175415
769.125977 1021.536499
795.881226 1021.455688
822.256287 1021.375977
849.290161 1021.294250
875.625671 1021.214661
902.577271 1021.133240
929.457397 1021.052002
956.327148 1020.970825
982.924377 1020.890442
1009.781128 1020.809265
1036.322632 1020.729065
1063.031616 1020.648315
1089.626221 1020.567993
1116.097778 1020.487976
1142.995239 1020.406677
1169.259888 1020.327332
1196.167114 1020.246033
1222.689331 1020.165894
1248.946777 1020.086548
1275.417114 1020.006531
1302.364502 1019.925110
1328.947021 1019.844788
1355.423950 1019.764771
1381.843018 1019.684937
1408.379883 1019.604736
1435.135010 1019.523865
1461.778564 1019.443359
1488.434692 1019.362793
1515.008667 1019.282471
1541.497559 1019.202454
1568.011230 1019.122314
1593.208618 1019.046143
1618.724854 1018.969055
769.058533 994.997070
795.814087 994.925781
822.220398 994.855408
849.239502 994.783447
875.635376 994.713074
902.565735 994.641296
929.430908 994.569702
956.306519 994.498108
982.859009 994.427368
1009.713013 994.355835
1036.270264 994.285034
1062.976807 994.213867
1089.571533 994.143005
1116.044678 994.072449
1142.932739 994.000854
1169.207886 993.930786
1196.102539 993.859131
1222.604370 993.788513
1248.883057 993.718506
1275.369385 993.647949
1302.276978 993.576233
1328.821289 993.505493
1355.331665 993.434875
1381.745239 993.364502
1408.284546 993.293762
1435.006714 993.222534
1461.704468 993.151428
1488.390137 993.080322
1514.937378 993.009583
1541.423706 992.938965
1567.945068 992.868286
1593.078125 992.801331
1618.588867 992.733337
768.993469 969.395142
795.749268 969.291260
822.185669 969.188599
849.190369 969.083740
875.644836 968.981018
902.554504 968.876526
929.405151 968.772278
956.286438 968.667847
982.795105 968.564941
1009.646301 968.460693
1036.218872 968.357483
1062.922974 968.253784
1089.517822 968.150513
1115.992554 968.047729
1142.870850 967.943359
1169.156372 967.841309
1196.038574 967.736877
1222.520142 967.634033
1248.819824 967.531921
1275.321777 967.429016
1302.189819 967.324707
1328.695923 967.221741
1355.239502 967.118713
1381.647461 967.016174
1408.189087 966.913086
1434.877930 966.809448
1461.629761 966.705566
1488.345337 966.601807
1514.865479 966.498840
1541.349121 966.395996
1567.878052 966.292969
1592.945801 966.195679
1618.450684 966.096619
768.924805 942.375427
795.681030 942.314758
822.149231 942.254761
849.138977 942.193542
875.654663 942.133423
902.542847 942.072449
929.378418 942.011597
956.265625 941.950623
982.729248 941.890625
1009.577759 941.829773
1036.166260 941.769470
1062.867920 941.708923
1089.463013 941.648621
1115.939453 941.588623
1142.808228 941.527649
1169.104370 941.468018
1195.974121 941.407104
1222.435425 941.347107
1248.756470 941.287415
1275.274292 941.227295
1302.102905 941.166504
1328.571289 941.106445
1355.148071 941.046204
1381.550781 940.986328
1408.094971 940.926147
1434.751465 940.865723
1461.556763 940.804932
1488.301636 940.744263
1514.795532 940.684204
1541.276733 940.624146
1567.813232 940.563965
1592.818115 940.507324
1618.317871 940.449463
768.858826 916.372803
795.615234 916.287354
822.113953 916.202759
849.089172 916.116577
875.664246 916.031738
902.531433 915.945923
929.352295 915.860229
956.245239 915.774353
982.664551 915.690002
1009.510193 915.604248
1036.114136 915.519287
1062.813354 915.434021
1089.408569 915.349060
1115.886597 915.264526
1142.745728 915.178711
1169.052368 915.094727
1195.909546 915.008972
1222.350342 914.924500
1248.692627 914.840393
1275.226318 914.755615
1302.014893 914.670105
1328.444702 914.585693
1355.055054 914.500671
1381.452148 914.416382
1407.998657 914.331604
1434.621582 914.246582
1461.481567 914.160828
1488.256470 914.075317
1514.723022 913.990784
1541.201538 913.906189
1567.745850 913.821411
1592.684937 913.741760
1618.178955 913.660339
768.791992 890.074280
795.548767 889.998108
822.078369 889.922546
849.039001 889.845764
875.673889 889.769958
902.520020 889.693481
929.326050 889.617188
956.224854 889.540588
982.599792 889.465454
1009.442688 889.389038
1036.062256 889.313232
1062.759033 889.237244
1089.354370 889.161499
1115.834106 889.086121
1142.683716 889.009644
1169.000854 888.934753
1195.845581 888.858276
1222.266113 888.783081
1248.629517 888.708008
1275.179077 888.632446
1301.928101 888.556274
1328.320068 888.481079
1354.963623 888.405273
1381.355347 888.330078
1407.904175 888.254517
1434.494507 888.178772
1461.408081 888.102173
1488.212402 888.025818
1514.652466 887.950562
1541.128418 887.875183
1567.680298 887.799561
1592.555664 887.728760
1618.044189 887.656189
768.724365 863.454224
795.481567 863.403931
822.042419 863.354004
848.988281 863.303284
875.683594 863.253113
902.508484 863.202637
929.299622 863.152222
956.204224 863.101685
982.534546 863.052124
1009.374756 863.001648
1036.010010 862.951538
1062.704468 862.901367
1089.300049 862.851318
1115.781372 862.801514
1142.621460 862.751038
1168.949097 862.701538
1195.781494 862.651062
1222.181763 862.601440
1248.566284 862.551758
1275.131714 862.501831
1301.841309 862.451599
1328.195679 862.402039
1354.872314 862.351868
1381.258667 862.302246
1407.810059 862.252319
1434.367920 862.202332
1461.334961 862.151611
1488.168457 862.101135
1514.582153 862.051514
1541.055664 862.001709
1567.615112 861.951721
1592.427246 861.905090
1617.910400 861.857178
768.657349 837.052246
795.414734 837.008484
822.006714 836.964966
848.937866 836.920898
875.693298 836.877136
902.497009 836.833313
929.273254 836.789490
956.183716 836.745483
982.469421 836.702454
1009.306885 836.658569
1035.957764 836.614929
1062.649780 836.571289
1089.245605 836.527771
1115.728516 836.484436
1142.559082 836.440552
1168.897217 836.397461
1195.717163 836.353577
1222.097168 836.310425
1248.502808 836.267212
1275.083984 836.223755
1301.754028 836.180115
1328.070312 836.137085
1354.780273 836.093384
1381.161255 836.050232
1407.714966 836.006775
1434.239868 835.963379
1461.260864 835.919189
1488.124146 835.875244
1514.511108 835.832031
1540.982056 835.788757
1567.549072 835.745300
1592.296875 835.704773
1617.774658 835.663086
768.591187 811.014282
795.348877 810.967407
821.971497 810.920776
848.888062 810.873596
875.702820 810.826599
902.485657 810.779663
929.247253 810.732788
956.163452 810.685669
982.405090 810.639648
1009.239746 810.592651
1035.906128 810.545898
1062.595703 810.499146
1089.191650 810.452576
1115.676270 810.406189
1142.497192 810.359192
1168.845825 810.313049
1195.653320 810.266052
1222.013062 810.219849
1248.439819 810.173584
1275.036743 810.126953
1301.667358 810.080322
1327.945801 810.034302
1354.688721 809.987427
1381.064209 809.941223
1407.620483 809.894653
1434.112549 809.848267
1461.187256 809.800842
1488.079956 809.753723
1514.440186 809.707520
1540.908569 809.661194
1567.483276 809.614624
1592.166992 809.571350
1617.639160 809.526733
768.524170 784.619812
795.282227 784.579895
821.935791 784.540100
848.837708 784.499939
875.712524 784.459839
902.474182 784.419861
929.220886 784.379944
956.142944 784.339722
982.340027 784.300659
1009.171936 784.260620
1035.854004 784.220764
1062.541138 784.180908
1089.137207 784.141235
1115.623413 784.101685
1142.434937 784.061646
1168.793945 784.022339
1195.588989 783.982300
1221.928467 783.942993
1248.376343 783.903503
1274.989136 783.863770
1301.580078 783.824097
1327.820557 783.784912
1354.596802 783.744934
1380.966919 783.705566
1407.525513 783.665955
1433.984741 783.626465
1461.113281 783.585999
1488.035522 783.545776
1514.369141 783.506470
1540.834961 783.466919
1567.417236 783.427246
1592.036743 783.390503
1617.503418 783.352539
768.457825 758.517151
795.216187 758.476685
821.900452 758.436401
848.787781 758.395752
875.722107 758.355103
902.462769 758.314697
929.194824 758.274292
956.122620 758.233582
982.275574 758.194092
1009.104736 758.153564
1035.802246 758.113220
1062.486938 758.072876
1089.083252 758.032715
1115.571045 757.992676
1142.372925 757.952148
1168.742432 757.912354
1195.525024 757.871887
1221.844360 757.832153
1248.313232 757.792114
1274.941772 757.751892
1301.493408 757.711792
1327.695923 757.672180
1354.505249 757.631714
1380.869873 757.591858
1407.430908 757.551697
1433.857422 757.511780
1461.039673 757.470703
1487.991333 757.429993
1514.298218 757.390259
1540.761597 757.350220
1567.351440 757.310059
1591.906982 757.273010
1617.368164 757.234497
768.391602 732.447327
795.150269 732.402893
821.865112 732.358582
848.737976 732.313965
875.731628 732.269165
902.451416 732.224854
929.168701 732.180542
956.102356 732.135803
982.211121 732.092468
1009.037476 732.047974
1035.750488 732.003662
1062.432861 731.959351
1089.029175 731.915222
1115.518677 731.871277
1142.311035 731.826782
1168.690918 731.783020
1195.461182 731.738586
1221.760132 731.694946
1248.250122 731.651001
1274.894409 731.606812
1301.406494 731.562805
1327.571045 731.519409
1354.413574 731.474854
1380.772827 731.431091
1407.336182 731.387024
1433.729736 731.343262
1460.965820 731.298035
1487.947021 731.253296
1514.227295 731.209656
1540.687988 731.165710
1567.285400 731.121582
1591.776733 731.080933
1617.232300 731.038696
768.324341 705.975037
795.083374 705.949036
821.829346 705.923096
848.687500 705.896973
875.741333 705.870728
902.439941 705.844849
929.142395 705.818909
956.081848 705.792725
982.146057 705.767456
1008.969727 705.741394
1035.698364 705.715454
1062.378296 705.689575
1088.974854 705.663757
1115.466064 705.638062
1142.248901 705.612000
1168.639282 705.586426
1195.397095 705.560425
1221.675903 705.534912
1248.187012 705.509155
1274.847046 705.483276
1301.319702 705.457642
1327.446655 705.432251
1354.322266 705.406128
1380.676025 705.380554
1407.241943 705.354736
1433.602905 705.329163
1460.892456 705.302673
1487.903076 705.276489
1514.156860 705.250977
1540.614990 705.225281
1567.220093 705.199463
1591.647949 705.175781
1617.098145 705.151062
768.257690 679.707092
795.016968 679.675720
821.793823 679.644348
848.637268 679.612915
875.750977 679.581116
902.428467 679.549866
929.116089 679.518555
956.061340 679.486938
982.081116 679.456482
1008.901978 679.425049
1035.646240 679.393677
1062.323730 679.362427
1088.920410 679.331238
1115.413208 679.300171
1142.186401 679.268799
1168.587280 679.237854
1195.332642 679.206543
1221.590942 679.175781
1248.123291 679.144653
1274.799316 679.113403
1301.232178 679.082397
1327.320679 679.051819
1354.229736 679.020264
1380.578125 678.989380
1407.146362 678.958252
1433.474243 678.927368
1460.817993 678.895325
1487.858398 678.863647
1514.085205 678.832886
1540.540771 678.801880
1567.153442 678.770691
1591.516357 678.742126
1616.961060 678.712341
768.190979 653.461365
794.950562 653.434265
821.758301 653.407104
848.587158 653.379883
875.760620 653.352417
902.417053 653.325317
929.089905 653.298340
956.040955 653.270996
982.016357 653.244629
1008.834473 653.217468
1035.594238 653.190369
1062.269409 653.163330
1088.866211 653.136414
1115.360718 653.109497
1142.124268 653.082397
1168.535645 653.055664
1195.268555 653.028564
1221.506592 653.001953
1248.060059 652.975037
1274.751831 652.947998
1301.145264 652.921265
1327.195923 652.894897
1354.138062 652.867554
1380.480957 652.840820
1407.051636 652.813904
1433.346680 652.787231
1460.744263 652.759521
1487.814209 652.732056
1514.014282 652.705444
1540.467285 652.678711
1567.087646 652.651733
1591.386597 652.627075
1616.825684 652.601318
768.124695 627.347473
794.884644 627.353271
821.723022 627.359070
848.537415 627.364868
875.770142 627.370728
902.405762 627.376465
929.064026 627.382202
956.020813 627.388062
981.952515 627.393677
1008.767944 627.399414
1035.543091 627.405212
1062.215942 627.411011
1088.813110 627.416748
1115.309082 627.422424
1142.063477 627.428223
1168.485107 627.433899
1195.205933 627.439697
1221.424316 627.445312
1247.998413 627.451050
1274.705688 627.456848
1301.060669 627.462524
1327.074585 627.468140
1354.049072 627.473938
1380.386841 627.479614
1406.959961 627.485352
1433.223389 627.491028
1460.672974 627.496948
1487.771484 627.502808
1513.945923 627.508423
1540.396606 627.514160
1567.024292 627.519897
1591.261719 627.525146
1616.695679 627.530640
768.060181 601.972839
794.820496 601.988464
821.688721 602.004150
848.489014 602.019836
875.779419 602.035767
902.394714 602.051331
929.038696 602.066895
956.001099 602.082642
981.890015 602.097778
1008.702881 602.113403
1035.493042 602.129028
1062.163574 602.144653
1088.760864 602.160156
1115.258423 602.175659
1142.003662 602.191284
1168.435425 602.206665
1195.144165 602.222290
1221.343140 602.237610
1247.937622 602.253174
1274.660034 602.268738
1300.976929 602.284119
1326.954468 602.299316
1353.960938 602.315063
1380.293457 602.330444
1406.868896 602.345947
1433.100830 602.361328
1460.602173 602.377319
1487.729004 602.393188
1513.877808 602.408447
1540.326050 602.423950
1566.961060 602.439453
1591.137085 602.453613
1616.565796 602.468445
