1483.742798 752.826050
1511.413818 752.070618
1537.558472 751.356873
1565.232178 750.601318
1593.052246 749.841919
1620.825439 749.083740
1647.946411 748.343384
1676.399780 747.566528
1704.012695 746.812744
1731.069214 746.074097
1758.879395 745.314880
1786.332642 744.565369
1813.313843 743.828857
1840.578735 743.084534
1867.926758 742.337891
1894.218140 741.620117
1921.797485 740.867310
1949.045532 740.123413
1975.923706 739.389648
2002.915894 738.652832
2029.693481 737.921753
2056.558838 737.188354
2083.470459 736.453613
2110.231689 735.723083
2137.065430 734.990540
2163.397461 734.271606
2189.901367 733.548096
2216.930908 732.810181
2243.614502 732.081787
2270.706543 731.342163
2297.060791 730.622681
2322.926270 729.916626
2348.467041 729.219360
1483.937256 725.027710
1511.598267 724.299194
1537.803711 723.609131
1565.477417 722.880371
1593.278198 722.148193
1621.044800 721.416931
1648.159058 720.702881
1676.548218 719.955322
1704.108276 719.229492
1731.199463 718.516052
1758.938110 717.785583
1786.387085 717.062683
1813.335083 716.353027
1840.604736 715.634888
1867.911133 714.915771
1894.240845 714.222412
1921.752319 713.497925
1948.961426 712.781372
1975.823120 712.073975
2002.791382 711.363770
2029.550293 710.659058
2056.393555 709.952148
2083.281250 709.244019
2110.022949 708.539795
2136.822510 707.834106
2163.152832 707.140625
2189.634277 706.443237
2216.634766 705.732239
2243.279053 705.030518
2270.328857 704.318176
2296.675049 703.624390
2322.492676 702.944458
2348.005615 702.272583
1484.128906 697.646729
1511.779907 696.950256
1538.045166 696.288696
1565.718872 695.591675
1593.500610 694.891968
1621.260620 694.192749
1648.368164 693.510010
1676.694214 692.796570
1704.202148 692.103699
1731.327393 691.420532
1758.995972 690.723633
1786.440552 690.032349
1813.356079 689.354492
1840.630371 688.667480
1867.895752 687.980713
1894.263306 687.316650
1921.708008 686.625427
1948.878906 685.941040
1975.724365 685.264893
2002.669189 684.586243
2029.409912 683.912720
2056.231445 683.237183
2083.095703 682.560547
2109.818115 681.887451
2136.584473 681.213257
2162.912842 680.550171
2189.372803 679.883789
2216.344482 679.204346
2242.950684 678.534302
2269.959229 677.854004
2296.297119 677.190552
2322.067871 676.541565
2347.553955 675.899597
1484.322144 670.025452
1511.963257 669.349304
1538.289062 668.705322
1565.962646 668.028381
1593.725342 667.349243
1621.478760 666.670349
1648.579712 666.007385
1676.841919 665.316040
1704.297119 664.644409
1731.457031 663.980042
1759.054565 663.304932
1786.494751 662.633728
1813.377319 661.976074
1840.656250 661.308838
1867.880249 660.642822
1894.286011 659.996887
1921.662964 659.327209
1948.795044 658.663513
1975.624023 658.007202
2002.544800 657.348694
2029.266968 656.695007
2056.066650 656.039429
2082.906982 655.382874
2109.609619 654.729675
2136.341797 654.075745
2162.668213 653.431763
2189.105957 652.785034
2216.048340 652.125916
2242.615234 651.476074
2269.581543 650.816406
2295.911133 650.172302
2321.633789 649.543091
2347.092041 648.920349
1484.511719 642.927368
1512.143433 642.225586
1538.529053 641.555481
1566.203125 640.852600
1593.947266 640.148010
1621.694580 639.443237
1648.789307 638.755127
1676.988403 638.038940
1704.391724 637.342957
1731.586182 636.652283
1759.112915 635.953186
1786.548950 635.256348
1813.398560 634.574463
1840.682251 633.881531
1867.864624 633.191162
1894.308960 632.519531
1921.617676 631.825928
1948.710449 631.137878
1975.522461 630.456909
2002.418945 629.773804
2029.122070 629.095581
2055.899170 628.415527
2082.714844 627.734497
2109.396973 627.056824
2136.093994 626.378784
2162.417969 625.710205
2188.832764 625.039307
2215.744629 624.355835
2242.270752 623.682129
2269.192871 622.998352
2295.513428 622.329895
2321.185547 621.677917
2346.614502 621.032043
1484.709961 614.611816
1512.331055 613.975830
1538.778198 613.366821
1566.451904 612.729553
1594.176147 612.091187
1621.916382 611.452393
1649.004028 610.828613
1677.138184 610.180786
1704.487915 609.551025
1731.717163 608.924011
1759.171997 608.291809
1786.603516 607.660156
1813.419922 607.042603
1840.708252 606.414246
1867.848999 605.789307
1894.331665 605.179504
1921.572632 604.552185
1948.626831 603.929260
1975.422485 603.312195
2002.295410 602.693420
2028.980225 602.078918
2055.735596 601.462830
2082.527832 600.845886
2109.191162 600.231934
2135.854492 599.617920
2162.177246 599.011841
2188.570557 598.404053
2215.453857 597.785034
2241.942139 597.175049
2268.823486 596.556091
2295.136475 595.950195
2320.762451 595.360107
2346.164795 594.775146
1484.903687 586.921265
1512.514771 586.322754
1539.022339 585.748108
1566.695923 585.148193
1594.401001 584.547607
1622.134521 583.946350
1649.215332 583.359314
1677.285645 582.750793
1704.582642 582.159058
1731.846436 581.567993
1759.230347 580.974365
1786.657471 580.379761
1813.441040 579.799194
1840.734131 579.207520
1867.833496 578.619995
1894.354248 578.045105
1921.527954 577.455994
1948.543579 576.870361
1975.322998 576.289856
2002.172241 575.707825
2028.838745 575.129700
2055.572266 574.550171
2082.341064 573.969849
2108.984863 573.392273
2135.614746 572.815002
2161.935791 572.244385
2188.307373 571.672729
2215.161865 571.090515
2241.611572 570.517151
2268.451660 569.935303
2294.756592 569.365051
2320.335449 568.810547
2345.710693 568.260498
1485.091553 560.077393
1512.693115 559.480957
1539.259644 558.906860
1566.933350 558.308777
1594.619873 557.710449
1622.347168 557.111206
1649.421631 556.526123
1677.429810 555.920898
1704.675537 555.332092
1731.973145 554.742188
1759.287720 554.151855
1786.710571 553.559265
1813.461792 552.981140
1840.759521 552.391235
1867.818237 551.806458
1894.376587 551.232544
1921.483765 550.646729
1948.461182 550.063721
1975.224243 549.485352
2002.049927 548.905640
2028.698120 548.329773
2055.409912 547.752502
2082.154785 547.174561
2108.779297 546.599182
2135.375244 546.024414
2161.694092 545.455688
2188.043457 544.886230
2214.868896 544.306519
2241.279541 543.735718
2268.077393 543.156616
2294.373779 542.588379
2319.904785 542.036621
2345.252197 541.488831
1485.289551 531.780090
1512.880615 531.250854
1539.508667 530.740051
1567.182007 530.209229
1594.848633 529.678528
1622.568848 529.146790
1649.636230 528.627625
1677.579346 528.091614
1704.771606 527.570007
1732.103882 527.045715
1759.346680 526.523132
1786.765137 525.997192
1813.483154 525.484680
1840.785522 524.960938
1867.802612 524.442688
1894.399292 523.932495
1921.438965 523.413818
1948.377686 522.897095
1975.124390 522.384033
2001.926514 521.869934
2028.556519 521.359131
2055.246582 520.847107
2081.968262 520.334595
2108.573486 519.824219
2135.136230 519.314697
2161.453613 518.809875
2187.781738 518.304810
2214.578857 517.790833
2240.951660 517.284912
2267.708984 516.771667
2293.997803 516.267395
2319.482666 515.778564
2344.803711 515.292847
1485.480835 504.424591
1513.062134 503.914886
1539.750122 503.421692
1567.423462 502.910248
1595.071167 502.399292
1622.784912 501.887146
1649.845703 501.387024
1677.725586 500.871796
1704.865845 500.370239
1732.232300 499.864471
1759.404663 499.362305
1786.818848 498.855682
1813.504150 498.362518
1840.811157 497.857880
1867.787231 497.359344
1894.421875 496.867126
1921.394287 496.368652
1948.294678 495.871521
1975.024902 495.377502
2001.803345 494.882629
2028.414917 494.390839
2055.083252 493.897980
2081.781006 493.404602
2108.366943 492.913269
2134.895752 492.423004
2161.211182 491.936676
2187.517334 491.450531
2214.285400 490.955841
2240.619141 490.469177
2267.334473 489.975464
2293.615234 489.489777
2319.052246 489.019684
2344.345703 488.552246
1485.670898 477.272217
1513.242432 476.783539
1539.989746 476.309448
1567.663086 475.818970
1595.292114 475.329254
1622.999390 474.838165
1650.053589 474.358643
1677.870728 473.865601
1704.959229 473.385468
1732.359741 472.899811
1759.462280 472.419434
1786.872070 471.933624
1813.525024 471.461212
1840.836670 470.977112
1867.771973 470.499725
1894.444214 470.026978
1921.350098 469.550079
1948.212280 469.073944
1974.926392 468.600464
2001.681274 468.126251
2028.274536 467.654907
2054.921143 467.182617
2081.595459 466.709808
2108.162109 466.238953
2134.657227 465.769318
2160.970947 465.302948
2187.255371 464.837067
2213.994385 464.363129
2240.289795 463.897064
2266.963623 463.424286
2293.236084 462.958618
2318.625977 462.508606
2343.892090 462.060760
1485.856567 450.736053
1513.418701 450.237274
1540.224487 449.752136
1567.898193 449.251343
1595.508911 448.751648
1623.210083 448.250336
1650.258179 447.760834
1678.013794 447.258545
1705.051392 446.769226
1732.485474 446.272736
1759.519165 445.783508
1786.924805 445.287537
1813.545776 444.805756
1840.861938 444.311401
1867.756714 443.824677
1894.466431 443.341309
1921.306030 442.855591
1948.130127 442.370148
1974.827881 441.886993
2001.559326 441.403229
2028.134155 440.922302
2054.759033 440.440460
2081.409668 439.958130
2107.956543 439.477722
2134.417725 438.998840
2160.729248 438.522675
2186.991455 438.047394
2213.701172 437.564026
2239.957520 437.088867
2266.588867 436.606903
2292.852783 436.131592
2318.194336 435.672974
2343.432373 435.216248
1486.049805 423.118500
1513.601807 422.665070
1540.467896 422.222931
1568.141357 421.767517
1595.732788 421.313446
1623.427246 420.857666
1650.468506 420.412659
1678.160522 419.956940
1705.145752 419.512817
1732.614014 419.060791
1759.577148 418.617065
1786.978516 418.166107
1813.566772 417.728546
1840.887573 417.278931
1867.741333 416.837006
1894.488892 416.396820
1921.261719 415.956207
1948.047607 415.515381
1974.729126 415.076294
2001.437134 414.636749
2027.993896 414.199707
2054.597168 413.761902
2081.224365 413.323700
2107.752441 412.887146
2134.180420 412.452209
2160.489990 412.019226
2186.730957 411.587372
2213.412354 411.148285
2239.630615 410.716827
2266.221191 410.279205
2292.477051 409.847107
2317.772217 409.430847
2342.983643 409.015930
1486.239502 396.017334
1513.781738 395.584534
1540.707031 395.161407
1568.380615 394.726562
1595.953247 394.293274
1623.641235 393.858185
1650.676025 393.433350
1678.305298 392.999207
1705.239014 392.575958
1732.741211 392.143799
1759.634644 391.721191
1787.031616 391.290680
1813.587524 390.873383
1840.912964 390.443970
1867.726074 390.022644
1894.511108 389.601746
1921.217651 389.182068
1947.965332 388.761780
1974.630737 388.342743
2001.315186 387.923431
2027.853760 387.506409
2054.435303 387.088684
2081.039307 386.670654
2107.547852 386.254089
2133.942383 385.839325
2160.250244 385.425903
2186.469238 385.013916
2213.121826 384.595093
2239.301514 384.183716
2265.850830 383.766510
2292.098633 383.354065
2317.346436 382.957306
2342.530762 382.561554
1486.434570 368.132233
1513.966553 367.761261
1540.952515 367.397644
1568.625610 367.024780
1596.178833 366.653534
1623.859863 366.280548
1650.887695 365.916351
1678.452881 365.544922
1705.333740 365.182739
1732.870361 364.811707
1759.692871 364.450287
1787.085449 364.081207
1813.608643 363.723816
1840.938721 363.355560
1867.710693 362.994843
1894.533569 362.633423
1921.173218 362.274475
1947.882812 361.914581
1974.531982 361.555511
2001.193237 361.196259
2027.713745 360.838928
2054.273926 360.481049
2080.854736 360.122894
2107.344482 359.765961
2133.705811 359.410767
2160.012207 359.056305
2186.210205 358.703308
2212.834717 358.344574
2238.976807 357.992310
2265.485840 357.635132
2291.726074 357.281555
2316.928223 356.941986
2342.086182 356.602997
1486.618408 341.853607
1514.141113 341.481323
1541.184814 341.115540
1568.858154 340.741211
1596.393311 340.368774
1624.068237 339.994446
1651.089844 339.628967
1678.594116 339.256927
1705.424805 338.894012
1732.994507 338.521118
1759.749023 338.159210
1787.137573 337.788757
1813.629028 337.430420
1840.963623 337.060699
1867.695679 336.699127
1894.555542 336.335815
1921.129883 335.976379
1947.802002 335.615601
1974.435181 335.255371
2001.073242 334.895050
2027.575562 334.536591
2054.114502 334.177612
2080.671875 333.818420
2107.142334 333.460358
2133.470703 333.104248
2159.774902 332.748444
2185.951172 332.394379
2212.546875 332.034668
2238.650635 331.681580
2265.118164 331.323578
2291.350098 330.968750
2316.504883 330.628510
2341.635498 330.288605
1486.805298 315.154877
1514.318359 314.800629
1541.420532 314.451691
1569.093872 314.095367
1596.610596 313.741089
1624.279175 313.384827
1651.294312 313.036987
1678.736938 312.683655
1705.516724 312.338837
1733.119873 311.983459
1759.805664 311.639832
1787.189941 311.287262
1813.649536 310.946564
1840.988647 310.594543
1867.680664 310.250885
1894.577515 309.904572
1921.086304 309.563263
1947.720825 309.220306
1974.338013 308.877625
2000.952881 308.534912
2027.437256 308.193909
2053.954834 307.852478
2080.489014 307.510834
2106.940430 307.170258
2133.235596 306.831696
2159.538086 306.493042
2185.692627 306.156281
2212.260010 305.814209
2238.325928 305.478577
2264.752441 305.138336
2290.976074 304.800690
2316.084473 304.477417
2341.187988 304.154175
1486.990723 288.654236
1514.494385 288.298462
1541.654785 287.947113
1569.328369 287.589142
1596.826904 287.233459
1624.489258 286.875641
1651.498169 286.526245
1678.879517 286.172119
1705.608521 285.826355
1733.245117 285.468872
1759.862305 285.124573
1787.242432 284.770386
1813.670166 284.428528
1841.013794 284.074829
1867.665527 283.730103
1894.599609 283.381714
1921.042603 283.039673
1947.639282 282.695618
1974.240356 282.351501
2000.831909 282.007568
2027.298096 281.665222
2053.793945 281.322479
2080.304688 280.979553
2106.736816 280.637634
2132.998291 280.297943
2159.298584 279.957764
2185.431396 279.619720
2211.969727 279.276428
2237.996826 278.939758
2264.381592 278.598480
2290.596924 278.259338
2315.657471 277.935211
2340.733398 277.610840
1487.185547 260.815094
1514.678833 260.528381
1541.899658 260.244507
1569.572876 259.955872
1597.051758 259.669312
1624.707153 259.380920
1651.709106 259.099304
1679.026489 258.814453
1705.703003 258.536224
1733.373657 258.247681
1759.920288 257.970825
1787.296021 257.685333
1813.691040 257.410034
1841.039429 257.124817
1867.650146 256.847351
1894.621948 256.566040
1920.998535 256.290955
1947.557373 256.013977
1974.142212 255.736740
2000.710693 255.459656
2027.159058 255.183853
2053.633545 254.907745
2080.121582 254.631500
2106.534912 254.356049
2132.763672 254.082520
2159.062744 253.808243
2185.174561 253.535950
2211.685059 253.259476
2237.675049 252.988419
2264.020020 252.713669
2290.227783 252.440369
2315.243164 252.179489
2340.293457 251.918243
1487.367310 234.824051
1514.851562 234.530899
1542.129517 234.239944
1569.802979 233.944794
1597.264038 233.651871
1624.913452 233.356964
1651.909302 233.069016
1679.166382 232.778275
1705.793091 232.494293
1733.496704 232.198792
1759.975952 231.916351
1787.347534 231.624420
1813.711304 231.343216
1841.064087 231.051453
1867.635376 230.768036
1894.643677 230.479965
1920.955444 230.199326
1947.477051 229.916443
1974.046143 229.633041
2000.591553 229.349915
2027.021851 229.068008
2053.475098 228.785843
2079.939941 228.503571
2106.334229 228.222046
2132.530029 227.942642
2158.826904 227.662140
2184.916992 227.383850
2211.398926 227.101395
2237.350830 226.824585
2263.654297 226.544052
2289.853760 226.264587
2314.822266 225.998276
2339.844971 225.731369
1487.554443 208.091202
1515.029053 207.812943
1542.365601 207.536072
1570.039062 207.255798
1597.481689 206.977875
1625.124756 206.697906
1652.114258 206.424561
1679.309570 206.149124
1705.885254 205.879959
1733.622437 205.599045
1760.032715 205.331573
1787.400146 205.054398
1813.731934 204.787704
1841.089233 204.510651
1867.620239 204.241943
1894.665649 203.968048
1920.911743 203.702209
1947.395630 203.433990
1973.948608 203.165070
2000.470825 202.896439
2026.883057 202.628937
2053.314941 202.361237
2079.756348 202.093460
2106.131592 201.826340
2132.293945 201.561371
2158.588867 201.295044
2184.657471 201.031021
2211.110840 200.763123
2237.024414 200.500656
2263.286865 200.234665
2289.478027 199.969421
2314.399414 199.717026
2339.395264 199.463867
1487.737549 181.913788
1515.202881 181.639374
1542.596924 181.365662
1570.270630 181.089172
1597.695190 180.815155
1625.332153 180.539017
1652.315430 180.269440
1679.450073 179.998322
1705.975708 179.733307
1733.745972 179.455841
1760.088623 179.192642
1787.451904 178.919250
1813.752197 178.656479
1841.114014 178.383087
1867.605347 178.118393
1894.687378 177.847809
1920.868774 177.586227
1947.315430 177.321991
1973.852417 177.056839
2000.351685 176.792084
2026.746094 176.528366
2053.156738 176.264511
2079.574951 176.000534
2105.931152 175.737198
2132.060547 175.476120
2158.353516 175.213440
2184.400879 174.953186
2210.825684 174.689163
2236.701172 174.430634
2262.922607 174.168655
2289.105713 173.907043
2313.980469 173.658508
2338.948975 173.409042
1487.928101 154.679733
1515.383545 154.442993
1542.837036 154.206238
1570.510498 153.967651
1597.916138 153.731384
1625.546509 153.493103
1652.523193 153.260468
1679.594971 153.027039
1706.068970 152.798737
1733.872925 152.559021
1760.145996 152.332458
1787.505005 152.096527
1813.772949 151.870056
1841.139404 151.634033
1867.590088 151.406006
1894.709595 151.172150
1920.824829 150.946930
1947.233643 150.719238
1973.754639 150.490540
2000.230591 150.262207
2026.606934 150.034760
2052.996094 149.807220
2079.391357 149.579651
2105.728516 149.352539
2131.824951 149.127502
2158.116211 148.900818
2184.142090 148.676392
2210.538574 148.448776
2236.376465 148.225983
2262.557129 148.000244
2288.732178 147.774536
2313.560791 147.560440
2338.502686 147.345367
1488.122314 126.917717
1515.567261 126.781464
1543.080688 126.644836
1570.753418 126.507477
1598.139404 126.371490
1625.762573 126.234375
1652.732056 126.100464
1679.740479 125.966400
1706.162354 125.835205
1733.999878 125.697021
1760.203125 125.566925
1787.557739 125.431091
1813.793579 125.300842
1841.164429 125.164978
1867.575073 125.033813
1894.731567 124.899017
1920.781616 124.769653
1947.153442 124.638763
1973.658936 124.507172
2000.112427 124.375824
2026.471558 124.244934
2052.840332 124.114044
2079.213379 123.983124
2105.532715 123.852448
2131.597656 123.723022
2157.887939 123.592499
2183.893799 123.463379
2210.263916 123.332428
2236.066162 123.204376
2262.208984 123.074554
2288.377441 122.944641
2313.162842 122.821533
2338.080566 122.697906
1488.302979 101.115906
1515.738403 101.010010
1543.308228 100.903564
1570.980957 100.796753
1598.348877 100.691101
1625.965942 100.584503
1652.929077 100.480377
1679.877930 100.376373
1706.250732 100.274536
1734.120483 100.166962
1760.257568 100.066071
1787.608154 99.960480
1813.813232 99.859314
1841.188599 99.753601
1867.560669 99.651855
1894.752686 99.546875
1920.739868 99.446533
1947.075684 99.344849
1973.565796 99.242615
1999.997314 99.140594
2026.339233 99.038849
2052.687500 98.937134
2079.038574 98.835419
2105.339844 98.733887
2131.373291 98.633392
2157.661865 98.531891
2183.647217 98.431580
2209.990479 98.329895
2235.756592 98.230438
2261.860352 98.129669
2288.021484 98.028625
2312.762695 97.933136
2337.654785 97.837067
