1379.892944 332.798157
1415.754272 334.607056
1450.527710 334.965790
1485.958496 335.577515
1521.048706 336.580322
1555.570923 335.427734
1591.303833 338.029266
1626.500000 338.000000
1661.207031 339.605804
1695.500000 340.500000
1731.098022 339.972961
1765.344604 341.160828
1799.477783 342.332001
1835.655640 343.076080
1869.086792 343.517578
1904.188965 344.435577
1938.476318 344.699371
1972.905762 344.710724
2008.500000 346.000000
2041.850586 345.796204
2076.503662 346.061279
2111.000000 346.500000
2145.512695 345.973480
2179.444092 346.924591
2213.924072 347.481323
2249.539062 348.093933
2282.794434 347.712952
2317.470459 348.083435
2350.918457 349.625580
1379.733276 366.098419
1414.254517 366.492706
1449.070312 367.772888
1485.000000 368.500000
1519.000000 370.000000
1555.646606 370.192535
1590.780396 371.290375
1625.633545 368.138885
1660.557983 372.928619
1695.229248 372.598480
1731.000000 372.500000
1764.600952 374.214630
1799.575928 377.473389
1834.500000 375.500000
1869.985352 377.105743
1904.000000 376.500000
1938.846680 377.586426
1972.000000 377.000000
2008.481689 378.912415
2041.785278 378.374268
2076.220459 376.594879
2110.500000 379.000000
2145.642578 379.256409
2180.798340 379.370880
2214.265625 380.159241
2249.979736 379.996857
2283.500000 380.500000
2318.000000 381.000000
2352.000000 381.000000
1378.204590 397.273132
1412.687378 399.744720
1447.500000 399.500000
1483.288818 400.675598
1520.207153 401.103241
1554.500000 403.000000
1589.421387 403.499664
1625.206665 403.923248
1659.476440 404.947906
1695.000000 405.500000
1729.435669 406.418121
1763.775513 407.107758
1799.194824 407.880585
1834.026123 407.788025
1868.338623 409.295807
1903.845581 410.780640
1938.487915 408.599152
1972.318726 408.954712
2007.474731 411.379120
2042.769653 411.988129
2076.548584 411.728027
2111.828125 411.647522
2147.000000 413.000000
2179.916260 412.510529
2215.500000 413.000000
2249.519531 413.440094
2282.197754 413.501038
2318.191895 413.973816
2353.198730 414.600861
1376.261230 431.928162
1414.000000 434.000000
1447.503662 433.512146
1483.041992 434.415039
1519.500000 434.500000
1553.392822 438.988434
1589.000000 437.000000
1624.000000 437.000000
1660.000000 437.000000
1695.000000 440.000000
1729.000000 439.500000
1764.737793 439.677368
1799.973633 441.488098
1834.019531 440.976318
1869.000000 441.000000
1903.327271 442.387024
1938.000000 443.000000
1973.912598 442.574646
2008.679199 444.386719
2040.001343 444.433167
2076.663818 444.075073
2111.697021 443.688538
2146.751221 445.833374
2180.684082 445.141083
2216.447510 446.318909
2249.500000 445.500000
2284.705078 445.939911
2318.942627 445.852325
2353.500000 447.000000
1376.503906 464.088348
1412.206543 466.949493
1447.000000 466.500000
1482.000000 468.000000
1517.000000 467.500000
1553.000000 469.000000
1589.889771 469.185699
1624.505127 471.306549
1657.500000 470.500000
1692.509888 471.506195
1728.757935 472.070923
1765.000000 472.000000
1798.623657 473.464294
1834.500000 473.500000
1869.144165 474.424805
1903.797607 476.928009
1937.529175 476.937042
1972.775391 475.062378
2007.157471 477.965698
2042.088135 476.968475
2077.737549 476.092102
2113.177246 478.288788
2146.469727 477.939636
2181.438232 478.036926
2215.510498 479.557587
2250.500000 479.000000
2284.990479 478.955170
2321.013672 480.058960
2355.024902 478.787567
1374.500000 498.500000
1410.540161 499.500305
1447.964600 500.345795
1481.824463 500.112488
1517.197266 501.531677
1552.578979 502.293182
1588.213867 503.816956
1623.465942 502.892914
1658.071411 504.527985
1693.000000 505.000000
1728.177734 505.463074
1762.000000 505.000000
1798.297485 507.044525
1834.004639 506.175537
1868.500000 508.000000
1903.500610 508.380219
1937.934570 508.439758
1972.000000 508.500000
2007.907593 509.635651
2043.285522 509.275909
2077.736816 511.357727
2113.196533 509.929504
2147.000000 511.000000
2181.845459 511.350525
2216.402100 511.576477
2250.178223 512.137756
2285.500000 512.000000
2321.045166 511.695923
2355.500000 512.500000
1376.003784 531.734131
1410.000000 532.000000
1444.500000 533.000000
1481.018799 534.749817
1516.045776 534.980408
1552.381226 536.403870
1586.051025 537.551880
1623.049072 537.661499
1658.807617 537.029724
1693.000000 538.000000
1726.910767 539.750183
1763.107788 539.341003
1798.067261 539.940552
1832.967773 540.535583
1868.424194 541.124756
1903.539185 542.776917
1937.988770 541.920776
1973.250854 542.383362
2008.040894 543.013184
2044.579712 543.710693
2077.724121 543.145020
2112.000000 544.500000
2147.000000 544.000000
2183.000000 543.500000
2217.240967 544.121521
2251.819580 544.845276
2286.553711 545.497253
2321.500000 545.000000
2355.991211 545.520813
1372.046021 565.919250
1407.845825 566.647400
1443.553589 567.327454
1480.000000 568.000000
1516.248413 569.010193
1551.350464 568.064026
1586.185791 569.669556
1621.956787 570.456177
1657.593628 572.416199
1692.295044 571.690491
1727.572754 572.054871
1762.513550 572.940552
1798.704468 574.213745
1833.369019 573.755066
1869.017822 575.114624
1902.552246 575.558105
1938.604614 577.184265
1973.709717 574.319275
2008.203369 575.907898
2043.720215 575.910522
2078.000000 576.500000
2113.183105 577.159912
2148.306641 578.331238
2183.233887 576.409912
2217.817871 579.507812
2252.226807 578.430725
2287.299072 578.441162
2321.809570 578.382141
2357.100342 578.423462
1372.085938 598.358337
1407.000000 600.000000
1443.489258 598.870544
1479.316406 602.165405
1514.837769 599.837952
1550.142212 603.200134
1585.468628 603.680054
1621.757690 604.579712
1657.452148 603.736145
1691.828125 605.401794
1727.441284 605.799194
1763.000000 605.500000
1797.356567 607.181335
1833.009277 607.543701
1868.505493 606.172424
1904.179199 608.802979
1938.431641 608.729553
1973.853760 609.680542
2007.500000 609.000000
2043.862915 610.313904
2079.317871 609.312805
2114.976562 610.881165
2148.015137 610.437622
2183.000000 611.000000
2217.684326 611.197632
2256.019287 611.617493
2288.043213 611.389404
2322.668457 611.973328
2357.843262 612.108765
1370.566040 633.760559
1406.000000 633.500000
1442.920532 634.866333
1478.260254 635.218140
1514.805908 636.133545
1550.257446 636.002991
1585.438721 637.916016
1620.405518 637.883484
1656.601562 638.757080
1691.312378 638.882996
1728.000000 638.500000
1763.615967 639.451355
1796.000000 641.500000
1832.574951 641.017578
1868.347656 642.149902
1902.853638 641.701172
1938.783813 643.467285
1973.262695 642.743164
2008.961670 643.778809
2044.123047 642.445801
2078.047852 643.517639
2113.410889 644.002380
2149.001709 645.160217
2183.000000 644.000000
2218.461426 644.706726
2252.206055 645.355286
2288.243164 644.715393
2323.918457 643.981140
2358.725586 647.032288
1370.500000 668.500000
1405.944702 667.819641
1442.000000 669.500000
1478.000000 668.000000
1513.608887 668.814209
1549.481201 671.088562
1584.500000 671.000000
1620.585449 672.475220
1654.883179 672.842163
1691.004150 672.581421
1726.283325 673.243652
1762.504761 674.688599
1797.744995 673.073364
1832.106445 674.339478
1867.505615 675.054993
1903.821655 676.103577
1938.380981 675.733887
1973.020996 675.962585
2008.203125 676.398254
2044.142212 678.335815
2078.578857 677.017334
2114.000000 677.000000
2148.753662 677.825684
2183.704834 677.838684
2219.072998 677.963684
2255.285645 678.947998
2290.000000 679.500000
2324.047852 678.484192
2359.134277 678.651367
1368.274536 703.105286
1404.606567 700.505188
1440.648804 702.918335
1477.018433 701.735779
1512.484497 704.778687
1548.400024 703.312378
1584.468262 705.551086
1619.955688 704.453613
1655.404175 706.826599
1690.508789 706.317688
1726.379395 708.107117
1760.365112 708.366516
1796.900146 707.719788
1831.891968 708.601685
1867.322388 708.602417
1902.750244 709.166748
1938.885864 709.980957
1972.841797 710.695496
2008.501099 710.027283
2043.861328 710.227295
2079.005859 710.700134
2113.964600 710.999573
2150.208496 711.835266
2184.041992 711.563660
2219.488770 711.560608
2254.877197 711.018616
2289.680664 711.983154
2325.062256 712.497070
2360.500000 711.500000
1367.976685 734.442139
1402.500000 736.000000
1439.017334 736.312805
1476.000000 736.000000
1510.893066 737.933899
1546.821411 738.028992
1583.273926 737.843811
1618.976807 740.877991
1654.457153 739.782043
1691.000000 739.500000
1725.425415 740.820007
1762.000000 740.500000
1796.161011 743.625977
1832.041626 742.034119
1866.617310 743.430847
1903.000000 742.500000
1938.379883 743.271729
1974.243530 744.306824
2008.262451 744.295044
2043.046265 743.129089
2079.983398 743.527954
2115.176025 745.835449
2149.247314 746.328552
2186.296631 745.847534
2220.742188 744.658508
2255.904053 746.767456
2290.323730 745.837036
2326.500000 745.000000
2360.975586 746.449280
1365.770020 770.920959
1402.675049 769.791748
1438.078369 770.555725
1475.152710 770.472595
1510.803101 772.481812
1546.934570 771.422119
1581.924438 772.564941
1617.301514 774.662292
1654.170166 775.414368
1689.997681 773.827332
1725.827148 775.727966
1759.000000 774.000000
1795.445435 774.866272
1831.684570 776.025085
1867.020020 776.516296
1902.168091 778.570679
1938.692627 778.149353
1973.851318 776.632568
2008.643433 777.849121
2044.239624 778.183655
2080.253174 779.325867
2116.000000 780.000000
2150.662598 780.064026
2185.467041 778.994690
2221.220459 780.338501
2255.126709 780.530640
2291.071777 779.315369
2326.049072 779.486877
2361.899170 780.065735
1364.032104 804.074341
1401.943726 804.858276
1437.022339 804.916443
1473.840942 806.262634
1509.926270 804.870361
1545.214233 806.968201
1581.417969 807.295349
1618.170044 808.315552
1652.341431 808.876892
1689.830078 809.076660
1725.104858 808.101685
1760.929810 810.379456
1795.493042 810.215210
1831.826172 811.183105
1866.772461 810.607239
1903.169189 811.975464
1937.268555 811.932617
1973.127930 811.328857
2009.450195 811.304016
2044.922852 812.802673
2080.430176 811.611084
2114.865723 812.306702
2149.812500 813.825684
2185.540527 812.980347
2220.820068 813.303162
2256.488770 813.573730
2292.101318 813.995361
2328.056396 814.797302
2362.500000 814.000000
1363.584106 839.031372
1399.481079 838.918945
1436.523682 840.467957
1471.957642 839.998596
1508.270508 840.330261
1544.899414 840.173035
1581.100830 842.202576
1616.227661 842.386597
1653.245361 843.186279
1688.088501 843.210205
1724.676147 844.140869
1760.658691 843.185425
1796.155151 844.850159
1831.034180 844.281067
1867.518066 845.699585
1902.531128 844.986267
1938.820190 845.893433
1973.321655 845.875061
2009.855225 846.676514
2045.409912 845.492432
2080.707520 847.403931
2115.276367 846.888000
2151.742920 848.010620
2186.433594 847.292480
2220.899170 846.795105
2256.938965 847.991089
2292.523438 848.011047
2327.782959 847.591858
2364.497559 849.416016
1361.833984 873.134094
1399.183228 874.255981
1433.692871 875.148376
1472.287476 874.999634
1507.450562 875.278748
1544.075195 876.555969
1580.354858 875.417725
1616.469360 877.433105
1652.548706 875.989746
1688.237183 878.007507
1724.010620 877.141235
1760.015381 878.864624
1795.010620 878.557861
1831.584595 879.542114
1866.325317 879.444641
1902.691162 879.995300
1937.799316 879.714844
1973.210815 879.704407
2009.860718 879.581787
2045.423584 881.366150
2079.462891 881.599365
2116.346191 882.275269
2151.464355 881.288696
2187.755615 882.568665
2223.150391 880.991455
2257.550537 881.762085
2293.988037 881.259155
2329.480225 883.340088
2364.495117 882.463013
1360.669312 909.077698
1397.500000 909.000000
1434.362793 909.467529
1470.705200 908.210632
1506.858398 910.657471
1543.126343 909.004700
1578.676514 910.514832
1614.870605 911.322144
1651.660278 912.110168
1687.038696 911.568176
1723.602051 913.156982
1759.083740 912.466492
1795.451416 913.607056
1830.508423 913.444397
1866.885376 914.404785
1902.296265 913.731750
1938.423828 915.248352
1973.495239 914.578064
2009.855713 915.235901
2045.681641 914.260986
2081.480469 915.855896
2116.473145 915.199341
2151.199463 915.028564
2187.520020 915.956238
2222.866943 916.268738
2258.428467 916.436401
2295.149658 917.486572
2329.378906 917.759583
2366.500000 915.500000
1360.005371 942.192017
1396.226318 944.002380
1431.000000 943.000000
1467.500000 945.000000
1506.002319 943.751770
1541.598145 945.017761
1578.166260 945.341370
1613.961792 945.586670
1651.068726 945.493103
1686.946777 947.345398
1722.655518 946.790955
1759.321533 948.028320
1794.170288 947.846436
1830.917725 948.614685
1865.773560 948.608948
1902.738892 949.340820
1938.017212 948.526917
1973.556152 949.062805
2009.378906 949.337952
2045.127319 949.692993
2080.813232 949.785828
2116.429443 950.126648
2152.192139 950.502258
2188.533447 951.592041
2223.675537 950.554504
2259.345947 950.932495
2295.104004 951.360779
2331.484375 952.319946
2366.348633 951.596558
1358.308594 978.638428
1395.000000 979.500000
1431.512817 979.666016
1468.335205 977.973877
1504.762939 980.649658
1541.579224 979.454651
1577.554321 981.112305
1613.649414 980.501587
1649.559326 981.071594
1685.718140 981.482727
1722.643311 982.510986
1758.188599 981.944458
1793.963501 982.213013
1829.816772 982.648010
1866.682739 983.619507
1901.863281 983.217590
1938.480469 984.259460
1973.498535 983.881836
2010.088501 984.747498
2045.488159 984.328613
2080.398926 984.079895
2117.476318 984.213074
2152.535889 984.995605
2188.407227 985.324463
2225.257568 986.071838
2260.125977 985.539734
2296.493652 986.841064
2332.022949 986.042358
2368.222900 987.149414
1356.027710 1013.494629
1394.055298 1014.121765
1430.509277 1013.374512
1467.596436 1014.961426
1504.188721 1014.176941
1540.596558 1015.791443
1576.797729 1014.558289
1613.107422 1016.193604
1648.852783 1016.137024
1686.072021 1017.317261
1722.219849 1015.913086
1758.425415 1017.874451
1794.575073 1016.458313
1830.561523 1018.429382
1865.999023 1017.671509
1902.487305 1018.901062
1937.569336 1018.629028
1975.000000 1017.500000
2009.974243 1018.763123
2045.754639 1019.373779
2081.927734 1018.865601
2118.230957 1019.984497
2153.090820 1019.804565
2188.945068 1020.014404
2225.223389 1019.820740
2259.763672 1019.994629
2296.539795 1020.474976
2334.000000 1019.500000
2369.672363 1020.490173
