1545.798706 68.503288
1572.482666 70.544014
1600.713379 70.975952
1628.149780 72.327080
1654.126343 71.879097
1680.423218 73.924629
1707.911011 73.572006
1734.604614 74.818138
1761.315796 75.269867
1788.018677 76.118820
1815.104004 76.962875
1840.240601 76.583046
1868.870850 77.301781
1894.106934 78.333000
1919.919189 78.840950
1947.165405 79.241638
1972.741455 79.708221
1999.591431 80.498680
2026.197266 81.353157
2051.771484 81.078812
2077.697754 81.917648
2104.083008 81.997566
2129.667236 82.464294
2155.238037 82.594872
2181.604980 83.388077
2207.711914 83.999962
2233.548584 84.311981
2259.326416 82.930519
2285.990234 84.237961
1546.597046 96.479813
1573.290894 96.316124
1601.053101 97.255089
1627.079102 97.796402
1655.270386 98.998871
1681.087402 99.296753
1708.139526 99.743629
1734.803589 100.591545
1761.477417 101.043396
1788.523926 101.886467
1815.362061 103.245102
1841.485718 103.191185
1867.978149 103.779900
1894.018921 103.952965
1920.382080 104.561638
1946.670654 105.414604
1972.591797 105.876343
1999.004883 106.237442
2025.260620 106.836433
2051.492432 107.270897
2077.708984 109.439949
2103.745361 108.166084
2129.675293 108.628006
2155.639404 108.736305
2182.457764 108.671837
2207.873779 109.612907
2234.627197 110.732338
2259.751221 110.082420
2285.685547 110.188904
1546.650269 120.599144
1572.954956 122.030434
1599.958862 122.872383
1626.992432 123.735695
1655.063843 123.721161
1681.756836 124.203705
1708.634888 125.421799
1734.231934 126.697212
1760.867554 127.149147
1787.895020 127.201309
1814.513672 128.443283
1840.513916 127.982719
1867.032959 129.356964
1893.670776 130.213028
1921.023315 129.636475
1946.584839 130.718109
1972.837402 131.570084
1999.104492 132.027084
2025.892700 132.210373
2051.659180 132.546173
2077.842285 133.411346
2104.215820 134.819092
2128.537842 134.882355
2156.011963 133.989334
2181.890869 134.846329
2207.789062 135.308334
2233.708008 135.375427
2260.975586 136.260071
2285.935303 135.504761
1545.319946 147.631454
1573.078125 147.737762
1599.960327 148.902603
1626.926147 149.743668
1653.705078 150.231918
1679.733521 150.652359
1706.677612 152.675018
1734.802368 152.714020
1761.798828 152.373535
1789.612305 153.382538
1814.262207 154.017822
1840.811279 154.921066
1868.342163 155.930084
1893.258545 155.835007
1920.257446 157.800720
1946.404663 156.843155
1972.701904 157.196533
1999.298096 158.042664
2025.041016 158.441406
2051.379150 158.538528
2077.235596 159.423706
2103.123535 159.097961
2130.541504 160.622574
2155.046143 160.020035
2180.451172 159.847702
2208.831787 160.262558
2233.587402 161.000000
2260.143555 161.451691
2285.319092 161.924286
1545.367188 173.942596
1571.155518 173.929581
1599.197144 175.261063
1626.415161 174.515869
1654.323730 176.128281
1680.314331 177.159607
1707.302734 177.831085
1735.017700 177.483429
1760.792236 179.123352
1788.012329 180.141556
1814.561768 179.646622
1840.514160 180.928131
1867.063721 181.395828
1893.994385 181.379868
1920.266968 181.402817
1945.831421 182.717392
1972.533691 182.611679
1998.946289 183.426224
2024.575317 183.670334
2051.136475 184.515518
2076.969727 184.584808
2104.343262 184.242279
2130.096436 186.275314
2156.221680 185.968582
2180.955566 186.375153
2207.620605 186.483414
2233.847656 186.548035
2259.696289 186.617386
2286.624756 186.968170
1544.760986 200.187973
1572.126465 200.457458
1598.490356 201.157120
1627.212524 202.750381
1653.749023 202.027664
1680.996338 204.036942
1707.151855 203.786530
1732.922974 203.780716
1759.788574 205.794724
1787.405640 205.342621
1813.836060 206.031906
1840.680298 206.685013
1867.048218 206.806778
1892.084595 206.494812
1920.246460 209.200531
1946.583008 208.284607
1972.417847 208.626053
1998.574341 209.083282
2025.900757 208.743088
2051.635498 210.380066
2077.482178 210.406601
2102.554932 211.351837
2128.585205 212.162598
2155.561523 211.435684
2180.704590 210.677856
2207.500977 212.179855
2233.675293 212.018509
2259.519531 212.491592
2285.714355 212.557465
1545.399292 225.477692
1571.636841 226.849243
1598.072876 226.573608
1625.283325 228.578568
1652.538574 227.849869
1679.920898 229.418747
1706.993164 229.907349
1734.628784 229.564575
1760.529541 231.488297
1786.291382 230.509537
1814.663452 231.536682
1839.584717 231.609756
1866.292114 232.617233
1893.801758 234.242371
1917.960815 234.363495
1945.940796 233.961472
1972.634766 234.813293
1998.782349 234.489609
2024.368774 235.218582
2050.222412 236.585220
2077.134766 236.252258
2103.122070 236.413834
2129.404297 236.776581
2155.550293 236.843491
2181.653076 235.890747
2207.434082 237.763229
2233.966553 237.825531
2259.762695 237.506607
2285.528564 238.027130
1544.434692 252.192780
1571.628906 253.037720
1598.716187 253.666885
1626.501587 253.412888
1653.977661 253.566116
1679.440552 257.486542
1707.614990 254.851059
1733.293701 257.342682
1758.533691 256.544617
1786.259277 258.168640
1813.384155 258.249542
1840.197510 258.666656
1866.410400 259.032043
1892.333374 260.073914
1919.179810 260.029266
1945.649536 260.092560
1972.118774 260.537292
1998.582642 260.608582
2024.258545 261.849487
2050.751709 261.523438
2078.006348 261.188080
2103.667480 262.818512
2129.078857 262.411102
2154.730713 263.192566
2181.236816 263.032196
2208.015381 263.411926
2233.428711 263.947449
2259.207520 263.241272
2284.995605 262.978302
1543.806030 278.592865
1571.278564 279.072754
1598.192261 279.756775
1625.676025 280.387238
1651.995117 280.416412
1678.755127 282.029144
1706.640625 281.502289
1733.446411 284.055176
1759.869751 282.975433
1786.546509 283.519623
1813.336060 284.071198
1839.653442 284.529480
1866.651489 284.772308
1893.675049 285.831543
1919.485229 285.677795
1945.526367 286.135223
1971.926147 286.535553
1998.228638 286.682983
2023.467529 287.311584
2051.366455 288.140381
2076.301758 287.895203
2102.183594 288.875610
2129.492188 288.173035
2155.466553 288.212280
2181.549805 288.681366
2208.420898 287.964630
2234.424316 289.587463
2259.768799 289.277649
2285.474854 289.351654
1544.030518 305.228821
1570.564819 305.059631
1598.816284 305.102081
1625.878418 305.937012
1652.356567 307.048798
1679.029419 307.220367
1707.202026 308.734039
1732.884033 308.544800
1759.713623 308.832642
1787.642212 309.023102
1813.801758 310.602509
1840.254272 310.674377
1866.018677 310.516663
1893.618774 310.546417
1919.010132 312.037415
1944.892578 312.576141
1973.035767 312.649750
1998.562378 312.617279
2024.532959 312.734497
2050.743652 312.841248
2077.019531 312.823853
2103.018311 313.668762
2129.044922 313.538879
2155.496338 313.784363
2182.440430 315.193085
2207.165527 313.950500
2232.842041 313.817780
2259.619873 314.426727
2285.640625 314.932007
1543.485962 330.982941
1570.526123 331.869537
1599.086182 331.547882
1625.751465 333.522736
1652.614990 332.437683
1680.048340 332.718781
1704.948120 334.979095
1733.428833 335.153687
1760.540649 334.433899
1786.229126 336.829712
1813.187134 335.906616
1840.303955 337.305420
1866.609741 337.405457
1892.539551 336.991638
1918.964478 337.520569
1945.321167 337.598572
1971.270142 338.736542
1998.975220 338.712708
2024.340576 338.560577
2050.894531 340.364746
2077.066162 338.944183
2102.864502 339.245758
2129.093994 339.642853
2155.091309 339.547882
2181.419434 339.772003
2207.055176 338.446503
2233.724365 340.136963
2259.172119 339.569733
2285.547363 340.248047
1542.835327 357.887695
1569.259155 358.764679
1598.700439 358.978973
1625.903564 358.428284
1652.504272 358.489716
1679.539307 359.427216
1704.671997 361.324463
1731.757202 359.843781
1759.162231 361.052887
1786.638062 360.872803
1813.411865 362.484619
1838.828125 361.632874
1865.781982 362.619781
1893.109497 362.390167
1919.643555 362.199341
1944.728638 364.026184
1971.512695 363.701904
1998.162354 364.277985
2025.116577 365.327515
2051.550537 364.174835
2076.802490 364.781860
2103.050049 364.954193
2129.052979 365.474609
2155.344238 365.453461
2181.923096 366.616089
2207.997803 365.773712
2235.023438 366.451782
2259.012451 366.895081
2286.432129 367.021576
1542.512451 383.645630
1570.287964 383.689331
1597.279907 384.516998
1624.295166 384.957672
1651.953735 383.940399
1678.593994 385.993195
1705.798706 386.276367
1732.307739 386.800262
1759.169189 387.040741
1784.713623 387.105377
1812.940430 388.073334
1838.412842 387.606140
1865.111206 388.216400
1892.115601 389.044373
1918.030884 388.734344
1944.260986 390.339050
1971.321533 389.631775
1998.898193 390.836700
2024.404297 390.206207
2050.330566 390.508240
2077.328613 389.879700
2102.602295 390.807220
2129.218262 391.148834
2155.551025 390.833221
2181.352539 391.145721
2207.594971 391.255157
2233.509766 391.102814
2259.798340 391.497009
2286.114502 391.625732
1542.873535 411.095947
1569.517212 410.506439
1597.878174 411.441010
1624.224243 411.373291
1651.207397 411.865479
1678.768188 411.198120
1705.156250 412.361542
1731.370117 413.448334
1758.820557 413.143494
1786.026123 413.681641
1813.383179 414.486755
1838.525879 414.617554
1865.494019 414.709106
1892.093018 414.680237
1919.448242 415.532959
1944.287964 416.132416
1971.149048 415.688293
1997.781006 415.742188
2023.033203 415.660004
2050.394043 415.966644
2077.757568 417.052856
2103.508789 416.793396
2129.802979 416.098450
2155.426758 416.773132
2181.563965 416.631439
2207.442139 417.039551
2234.328857 417.974854
2259.982422 417.230774
2287.050293 416.526642
1541.927124 436.445648
1569.974976 436.113403
1596.877319 437.702240
1624.568970 436.611328
1651.471680 438.200287
1677.646240 438.653381
1703.853760 437.580200
1732.160522 440.477661
1759.977905 438.827820
1785.788696 441.024628
1811.931030 440.116394
1838.854370 440.164154
1865.096680 441.183655
1892.589966 441.683990
1918.569580 441.085754
1944.756348 441.186310
1970.583984 442.011047
1997.710571 441.540192
2024.149536 441.804169
2049.478027 441.088959
2076.512207 442.295563
2102.102783 441.699768
2129.232666 442.669098
2154.433105 443.698975
2181.088623 442.621185
2207.690918 442.732758
2233.540283 441.941864
2260.895752 443.968262
2285.691650 442.149231
1541.296875 462.532959
1568.159668 463.728088
1595.367065 464.382782
1622.643677 463.300964
1651.663940 464.627655
1677.164673 465.124115
1704.799194 464.236206
1731.701782 465.013794
1758.368896 465.289124
1784.708008 466.226471
1811.206055 465.176239
1838.610962 466.381958
1865.239136 466.515015
1892.071045 466.559113
1917.172852 466.588135
1944.288452 466.746033
1971.745117 467.977905
1997.882202 467.709198
2023.916260 467.332184
2049.829834 469.242889
2075.757812 467.366119
2101.688477 468.614136
2128.712891 466.838715
2154.815186 468.077728
2181.293701 468.689331
2207.772705 467.873199
2234.931641 467.517761
2260.658447 469.498871
2286.123779 468.880768
1541.284302 489.261322
1568.455322 489.522461
1596.157837 489.756317
1624.093262 489.113312
1650.327271 490.404968
1677.935547 491.746216
1705.760986 490.499817
1731.978271 491.773804
1758.231689 491.585846
1784.458618 490.792786
1811.962036 491.953705
1837.854492 491.614929
1864.663574 491.990021
1891.520142 492.791077
1919.020752 492.471283
1944.531128 493.276367
1970.375732 493.862305
1996.755981 493.860962
2023.566040 493.415680
2050.122314 493.636658
2076.303223 493.748352
2102.422607 494.524078
2128.603027 493.839203
2155.501221 493.904694
2181.759033 493.726227
2207.905273 494.408508
2232.955811 494.960632
2259.341553 494.969513
2286.687256 494.679504
1539.892578 515.847534
1568.181396 515.879456
1596.483276 515.567566
1623.631714 515.729919
1648.951904 517.604614
1676.896484 516.921814
1705.109375 517.683777
1731.700806 516.718201
1758.698608 518.030640
1784.904053 517.931030
1812.117798 518.707214
1838.318481 518.342834
1865.121216 518.494568
1891.575684 518.614014
1918.049194 518.927734
1944.405029 519.124207
1971.893677 520.021790
1997.667114 519.605347
2023.813354 519.702209
2050.103271 519.588135
2076.734375 519.444275
2102.381348 519.923767
2128.915283 519.920410
2155.384277 520.025146
2180.394287 519.633545
2208.799805 519.935425
2234.452881 521.007751
2260.285156 520.344238
2285.801514 519.687195
1539.663696 542.552246
1568.390625 542.930603
1594.974609 542.394104
1621.352539 543.597412
1650.302368 542.337219
1676.602783 542.928528
1703.187744 543.988403
1730.740356 543.506104
1758.196899 543.114563
1783.952515 543.159485
1810.506470 544.682373
1837.321289 543.800049
1864.630249 544.655457
1890.701660 544.089600
1917.839478 544.869629
1944.278687 545.132080
1970.069092 545.914856
1997.253540 545.472351
2023.877441 545.738342
2050.035889 545.734375
2075.624268 546.361389
2103.828857 546.423889
2128.288330 546.330505
2155.140869 545.841492
2181.679688 546.030762
2208.473145 546.794739
2233.601562 547.027832
2260.035889 546.410278
2286.516602 546.105164
1539.285767 568.634827
1566.738647 569.464905
1594.961182 568.747192
1622.426025 569.183655
1650.605103 569.692627
1676.456787 569.495972
1703.493164 569.731934
1730.494263 569.957458
1758.323608 570.589233
1784.615967 569.994507
1811.161743 570.325378
1837.866455 570.485779
1864.588867 570.588135
1891.041504 570.821838
1917.687378 571.084412
1943.345947 571.589355
1969.578003 570.973816
1997.184448 571.255737
2023.845093 571.562195
2049.939697 571.299194
2076.415283 571.871338
2102.973877 570.847351
2129.481201 572.568420
2155.327148 571.909119
2182.400635 572.725647
2208.811279 572.610779
2234.294678 571.903870
2260.920654 572.390076
2287.228516 572.498657
1539.765747 594.281189
1567.900635 594.206787
1593.629639 595.727295
1621.688843 595.465515
1648.428955 596.277161
1675.390869 594.975037
1703.200806 596.007446
1730.181641 596.014404
1757.031128 596.434265
1784.906128 597.102112
1810.690308 596.833313
1837.697754 596.799255
1863.850464 597.585205
1891.076050 596.975342
1918.663574 598.078064
1944.047852 597.173035
1971.824219 596.985046
1998.156250 596.422424
2022.915771 597.889954
2049.810303 597.522644
2076.494141 597.771851
2103.384766 598.294739
2129.758057 597.073486
2154.625977 596.858643
2180.863037 596.965942
2208.098633 597.707031
2233.383057 598.605164
2261.470703 597.548340
2286.937012 597.499634
