134.361923 597.313904
161.119415 596.439514
187.284531 596.513855
213.897125 597.452637
240.710449 595.787964
266.487457 595.980896
292.869904 594.683655
319.280212 595.699768
345.175171 594.649170
372.621033 595.067139
398.539795 593.671997
425.484741 593.657593
451.088440 593.118469
478.307068 592.710205
503.808502 592.140320
530.015930 592.214478
557.395630 590.362488
583.818542 590.471863
610.074158 589.772400
636.600220 589.495789
663.433655 588.717407
689.950439 587.193237
716.300964 587.084106
743.566406 586.791809
770.594482 586.490051
797.707764 585.126587
824.117554 586.030518
851.446289 583.301392
878.730164 583.281006
134.861038 623.097900
161.029205 622.952881
187.839630 622.288452
213.628036 622.727173
240.135559 622.032349
266.603577 621.003845
292.892700 622.164429
320.312042 621.182739
346.191528 621.635315
372.300049 620.122986
398.282562 620.203857
425.433716 619.389587
451.167511 619.648071
478.841064 618.883545
504.602875 618.968384
531.583923 618.735657
556.969177 617.700256
582.539551 617.495117
610.735657 616.341492
636.884277 615.681580
663.727661 616.267517
689.580017 614.323486
716.482971 614.045166
743.015442 612.594177
770.219666 612.639832
797.245178 611.976501
824.170532 610.905457
852.254333 609.870056
878.764954 609.217590
134.854919 649.310364
160.939285 649.387146
187.345322 648.716736
213.803223 648.789368
240.136810 648.231750
266.437988 647.962280
293.153107 647.329773
319.959625 647.727478
346.391632 646.431885
371.651672 646.876038
399.269165 646.239563
424.448608 645.934875
450.354065 644.998108
477.598969 645.434143
504.116333 644.899658
530.615723 644.196655
557.775452 644.527344
584.738098 643.379883
610.014832 643.298950
636.824219 642.144287
664.444336 642.204163
691.250122 640.039001
717.918213 640.027832
743.909119 639.442993
769.656311 638.034058
796.951782 638.842712
824.931335 637.780884
851.801758 636.358826
877.763428 636.809753
135.253464 676.137939
161.167084 674.997742
187.540146 675.077698
213.990662 675.107239
240.399750 674.848755
266.939697 674.491455
293.207855 674.255310
320.444550 673.168945
345.980408 672.993774
372.034088 672.612671
396.714722 672.676819
424.370880 672.994080
451.926788 672.427368
478.056091 671.657715
504.083069 671.721863
530.331787 671.395569
557.061035 670.177429
583.851196 669.893433
611.080750 669.718384
636.616882 669.498901
664.363831 668.519409
690.409363 667.565002
717.221619 666.520874
743.558228 667.595459
771.244324 664.799255
798.498596 665.606995
824.092957 664.593567
851.326599 663.072266
879.122009 663.431091
134.611938 701.067810
160.537476 701.133789
187.039764 700.617493
214.657074 700.898010
240.512375 700.389954
267.264832 700.460876
293.265930 700.170593
320.380707 700.091736
346.398773 699.947083
373.314453 699.721802
398.267273 699.527039
425.744110 699.377563
451.915710 698.399231
478.291779 697.734802
504.184265 697.422974
531.628113 697.295837
558.152588 695.832031
583.993469 695.818909
610.275635 695.150818
636.709229 695.225708
663.089355 693.820740
690.251160 693.842712
716.535645 694.147095
743.224060 692.192627
772.130920 691.806458
797.284119 691.728394
824.997437 691.271179
850.974670 689.099548
876.172974 689.397217
135.378952 727.228210
162.656677 726.848328
190.077713 727.402893
215.592590 726.868835
241.412292 726.870605
267.335022 726.662048
293.711212 726.374146
319.947266 725.779358
347.020721 726.001953
371.872955 725.751160
398.547607 725.260803
424.514435 725.309448
451.393616 724.624878
478.902496 722.932007
505.065338 724.493347
530.486206 723.838989
558.583069 722.941040
583.879578 722.054993
611.037231 722.560059
637.824219 720.574646
663.568481 720.577271
690.487122 720.127258
716.525208 720.207336
743.237427 718.434387
770.750427 718.498108
797.064575 718.804504
824.500183 717.462830
851.905701 716.349670
879.269409 715.077393
136.396896 753.303711
161.992966 753.589539
188.274094 753.332886
214.569016 753.377380
240.527451 753.892578
267.500916 752.793945
292.602539 752.826294
320.218628 752.553894
346.398102 751.956665
373.205719 752.088806
399.753876 752.071350
425.657593 751.050720
450.917206 750.869812
479.422668 750.631775
504.632111 749.853210
530.778503 748.624939
556.840332 748.501343
584.531921 749.954773
610.664917 749.448853
638.123352 748.128540
663.969543 747.000122
690.316711 746.633423
718.185364 746.722473
744.124207 745.366211
771.634705 743.886719
797.584778 744.374756
824.050110 744.251831
851.427612 743.259644
877.745667 741.281128
136.070297 779.441589
162.291031 779.997742
188.502243 779.344360
214.912994 779.596741
240.596375 778.842712
267.231659 778.482056
294.840607 779.017639
321.439240 778.199768
346.273926 776.876892
372.621735 777.327820
399.391113 777.318298
425.850250 777.315796
452.147217 776.439819
478.338379 776.602417
504.246460 775.616089
531.088074 776.993469
558.368896 775.932434
583.732727 775.241577
610.735962 774.666504
636.774536 774.507996
663.303101 772.713806
690.717468 772.942871
717.268921 772.498596
743.460571 772.586914
770.283752 770.482178
798.766968 771.192688
824.698608 769.807495
852.130493 769.506775
879.172180 768.109070
137.108963 805.379761
162.116623 805.463135
189.296951 805.248047
215.692429 805.598450
241.482712 805.449097
268.114929 804.644958
293.968536 804.897278
320.542572 804.273499
346.751953 804.266174
373.332062 803.668518
399.459320 803.476318
425.344574 802.306152
452.190338 802.935913
479.025208 803.111145
504.954010 802.303406
531.185730 801.731506
557.925293 801.578064
586.750916 801.221069
611.329407 801.079041
638.261719 799.323242
664.020691 799.614136
690.441650 798.962769
717.437988 798.461426
744.054932 798.189148
771.073425 797.502991
797.597656 797.039368
824.724548 796.247437
851.565796 796.009033
877.775818 795.418701
135.622452 832.003235
162.257538 831.624451
188.993500 831.566528
215.090057 831.290649
241.380203 831.369080
267.874512 831.078003
293.704742 831.163025
319.742065 830.842041
346.798218 830.237122
373.791199 829.454590
399.707886 829.757324
426.720673 828.991150
452.216064 828.725098
478.066498 828.441711
505.884491 829.138000
531.584412 828.227600
557.907227 827.914368
584.686768 827.277100
609.981201 826.440552
636.752686 825.632568
664.116821 826.101013
691.423523 825.770630
718.347778 824.385620
744.315796 824.098083
771.547546 823.445435
798.546448 823.883179
825.473083 821.767822
852.489319 822.570129
878.331238 820.510864
137.072845 857.779053
162.744308 857.664307
189.456253 857.511108
216.580917 857.643982
241.883759 857.540649
267.650116 857.263977
294.893555 857.334473
321.585846 857.132812
347.128998 856.047363
373.515228 856.032715
399.804993 855.845032
426.664520 855.193237
451.785492 855.932495
479.344055 854.627625
505.533569 854.708008
531.692810 854.133301
557.993591 853.674927
585.087280 854.387207
611.181458 853.257446
637.537231 852.631042
663.996033 851.917664
689.986816 850.968811
717.415222 851.006836
744.036621 851.058167
770.568115 849.682068
796.930908 849.088013
824.197937 849.813110
852.106812 848.442444
878.907288 848.000122
136.786621 883.588440
162.677292 883.764771
189.119583 883.482788
215.566605 883.532288
242.378052 882.914673
268.981506 882.418457
294.240906 883.039307
321.067932 882.799500
346.806915 882.524963
373.588928 882.222412
400.751343 882.252502
426.203094 881.315918
451.975647 881.403198
479.711548 880.514221
505.308472 880.834412
532.484985 879.652039
557.502441 879.512878
584.776733 879.624512
611.338074 879.394043
638.000244 878.887268
664.436218 878.132751
690.307068 878.634216
717.581360 876.931213
745.443970 876.355042
771.420532 876.183289
797.952637 875.900208
825.210205 875.296204
851.361877 874.242126
878.329529 873.667969
136.572998 910.063660
163.896759 910.203552
189.206299 909.329529
215.846481 909.214050
242.214844 909.305176
269.276428 909.447510
294.684418 908.749329
320.764740 908.833984
347.169006 908.193176
373.316010 908.279785
399.664551 908.144043
425.642548 907.123047
452.601929 907.072754
479.086060 907.260315
506.132507 906.165649
531.907593 906.374207
558.294617 905.984558
585.460815 906.783264
611.229309 905.447144
638.459045 905.300476
664.193726 906.040833
690.165466 903.347595
718.610901 902.662842
745.056580 902.892883
771.442810 902.464111
798.377441 901.604675
825.208679 901.686768
852.907227 901.779907
878.522400 901.758118
137.162918 935.749146
163.266083 935.725647
189.629700 935.448120
215.972610 935.571655
242.803131 936.099243
269.168304 934.248047
295.518707 935.347595
320.606293 935.291382
347.209259 934.509338
374.281342 933.834167
400.760437 934.442505
426.532349 933.818848
453.475403 932.670959
478.677368 933.876953
506.290192 932.115051
531.996277 932.204529
559.115723 932.754211
584.759216 931.766052
612.158813 931.930420
638.534119 930.099426
664.575073 930.665527
692.013000 930.880737
719.443665 930.190979
743.958496 930.188721
771.244141 928.942383
798.351868 928.494934
825.280090 927.676025
852.187134 927.130554
879.272156 927.092896
136.877869 961.869141
163.198547 961.593750
189.522995 961.318604
216.725098 961.833435
242.148804 961.130310
268.901825 960.967896
294.199707 961.359924
320.542969 961.025513
347.452423 960.125061
374.266388 961.609741
400.322968 959.825073
426.342499 959.347107
452.633118 958.926880
479.869202 959.963867
505.163849 959.638855
531.607605 958.017273
558.466797 958.226318
585.567810 957.177979
611.531189 957.550903
637.075378 956.710999
664.205261 957.570984
691.435425 956.616394
716.686462 956.367188
745.359192 954.788696
772.176208 954.316528
798.554626 954.591858
826.439819 955.019165
851.241211 953.260986
878.873535 952.673645
137.538925 988.239868
163.350098 987.604980
189.895203 987.667969
216.904251 986.761292
242.058105 987.342224
268.677582 986.647095
294.934509 986.839600
320.946014 987.537476
347.709839 986.067871
374.630554 985.622620
401.277740 984.912415
427.424591 985.042969
453.729706 985.921997
479.628540 985.192688
505.908539 984.899780
532.787292 983.871887
558.651367 984.192444
584.644775 984.436096
612.072998 984.716187
638.156372 983.502502
664.146729 982.053101
692.498840 983.320801
718.807617 981.615112
744.848633 981.664917
770.822205 980.584229
798.587524 980.808533
826.087830 980.142700
853.211792 980.577637
880.642944 978.859253
137.205505 1013.723633
163.807175 1013.449402
190.692657 1012.694763
215.949677 1013.214905
242.569916 1012.934143
269.406677 1013.672852
295.234619 1012.865173
322.548981 1012.863037
347.640106 1012.199829
374.151215 1012.186340
400.402222 1011.987061
427.335785 1012.244507
453.838501 1010.591980
480.337158 1011.882202
506.070160 1010.990356
533.221008 1011.022949
559.521301 1009.777222
585.144165 1009.814453
611.734680 1009.595947
638.576538 1009.462036
664.936035 1008.971130
691.478577 1008.852295
718.277039 1008.442749
745.009216 1008.212158
771.755981 1007.763245
797.669983 1006.762695
825.789124 1006.979553
851.784302 1005.931641
879.917542 1006.421387
136.842468 1039.718262
163.546692 1039.471191
189.634171 1039.533081
217.016785 1038.537109
242.775665 1038.988892
269.670166 1038.240356
295.457916 1038.635132
322.207733 1037.956543
347.669281 1038.231812
374.279144 1037.997925
400.838531 1037.891724
427.721924 1037.070923
453.946075 1037.982666
479.388275 1037.145264
505.585876 1036.216919
532.291260 1036.584961
559.603271 1037.030518
585.222900 1036.173218
611.731506 1035.688721
638.462830 1035.524902
664.976624 1035.159058
691.629028 1034.918335
716.993164 1034.141602
745.212769 1034.228394
771.811096 1033.927124
798.453003 1033.298218
824.681824 1032.583740
851.993347 1033.519043
880.221069 1032.624023
137.393158 1064.650024
164.563309 1065.876221
190.586609 1064.415527
216.416153 1064.821777
242.613327 1064.909912
268.454590 1065.001709
296.076538 1063.882324
322.494781 1065.265747
347.909882 1064.018188
374.138245 1063.625977
401.485107 1063.145752
426.887115 1063.408813
454.025055 1062.795288
479.623474 1063.029175
506.878021 1062.397827
533.133667 1063.406860
559.213440 1062.178589
586.111694 1062.828613
611.959290 1061.891235
638.562378 1061.613281
665.159241 1061.273071
690.676819 1060.593262
719.177185 1059.740601
744.270386 1059.982910
772.139893 1060.010376
798.911438 1059.824829
826.019592 1059.342896
852.873230 1059.413696
880.162842 1058.677124
137.739441 1091.037720
163.651566 1090.842529
190.519531 1090.924438
216.339233 1091.370605
242.656570 1091.016846
269.727570 1089.853394
295.296844 1090.453857
321.603455 1090.339233
347.786285 1090.396851
374.369995 1090.111938
401.161194 1090.591431
427.527954 1088.152832
453.311951 1089.159790
480.464233 1088.428589
506.123596 1088.936523
532.608459 1088.656738
560.033264 1088.957275
586.383179 1087.630737
612.085754 1087.990601
639.223267 1087.023193
666.229553 1088.063965
691.918213 1087.243164
718.570007 1086.889771
744.643738 1087.335083
772.936157 1086.890991
798.059631 1086.649658
825.071777 1085.119019
852.864380 1084.942627
880.186401 1085.374634
137.213562 1117.573608
163.989212 1116.952759
190.079865 1117.269165
217.198441 1117.130737
243.324265 1116.044312
269.088470 1116.497925
295.229950 1116.341309
322.374878 1116.875732
348.758759 1115.762207
375.031036 1116.778564
401.524963 1115.143433
427.153046 1115.575806
453.404358 1115.455811
480.570496 1115.938232
506.162079 1115.016235
532.881592 1114.707520
559.196289 1114.542236
585.116089 1113.557129
612.270203 1114.117676
639.581421 1113.240845
665.305359 1113.683350
691.222290 1112.693848
718.762695 1113.190674
746.376526 1112.169922
772.951599 1113.314941
800.156067 1111.630737
826.734497 1112.775879
853.560364 1112.110718
880.891846 1112.232910
