805.071350 1084.717163
832.389343 1085.149414
859.699524 1085.227661
886.722412 1086.104370
914.434082 1086.196655
941.663757 1086.170410
968.632690 1086.606201
996.171936 1086.531494
1023.131348 1085.996460
1050.257446 1087.198975
1077.229248 1087.281006
1104.563721 1087.359375
1131.545532 1087.795410
1158.165771 1087.881104
1185.145508 1087.609131
1213.353882 1088.893433
1239.482422 1088.123657
1266.114014 1088.209473
1294.309326 1087.593872
1320.464844 1088.015747
1348.282104 1087.426147
1373.749512 1088.594482
1400.397583 1087.564575
1427.764160 1088.351440
1455.522827 1088.434814
1482.319946 1087.938477
1510.249756 1088.583496
1536.570190 1087.246582
1564.157837 1086.676392
804.836914 1112.566528
832.830872 1112.714722
860.790344 1112.467651
887.376221 1113.226807
914.298035 1113.662842
941.939026 1114.091675
969.208374 1113.818604
995.763855 1113.552612
1023.419189 1114.334595
1050.520996 1114.471680
1076.423828 1114.560059
1104.791626 1113.237427
1132.248169 1116.081543
1158.080566 1114.751221
1186.412842 1115.903687
1211.965088 1114.917847
1239.272705 1115.350586
1267.010864 1114.097534
1293.531860 1115.160889
1320.173950 1115.646973
1346.366211 1116.044556
1374.222778 1115.924316
1401.371094 1115.141357
1427.978760 1115.228394
1454.589111 1115.315552
1481.924683 1115.042114
1508.900879 1115.125488
1535.837646 1114.861206
1562.825806 1114.556885
805.842285 1139.086792
833.260742 1139.840698
860.484558 1139.921509
887.421204 1140.702148
914.591309 1140.438721
942.666443 1142.171631
969.073181 1141.304443
996.314575 1141.403076
1023.322937 1141.746094
1050.439575 1141.902832
1078.233887 1140.834717
1104.573975 1142.068604
1131.364624 1142.438354
1158.265991 1142.315918
1185.254150 1142.519897
1212.162598 1142.759033
1238.274536 1143.548340
1265.971680 1142.928589
1293.233643 1142.982788
1319.738647 1142.773438
1347.065430 1143.179199
1373.624756 1142.915527
1400.904297 1142.996826
1428.763428 1143.546265
1454.694336 1142.794678
1481.689819 1142.546997
1508.626709 1142.279663
1535.203979 1142.367920
1562.507568 1142.097046
806.132141 1166.101562
834.338440 1166.283447
861.247131 1167.661377
888.072571 1167.747314
915.616028 1167.826050
942.097656 1168.266235
969.653748 1168.695557
996.465759 1169.103516
1023.334351 1169.218018
1050.527222 1168.949707
1077.734741 1169.382812
1104.218750 1169.121704
1132.292358 1170.343872
1158.538452 1169.871094
1185.152832 1169.753540
1212.354492 1169.809204
1238.859375 1170.249634
1266.079102 1169.981323
1293.303101 1169.712891
1319.815186 1170.153442
1346.687500 1169.888550
1373.563232 1169.974609
1401.475830 1171.136230
1427.324829 1169.795776
1454.570557 1169.527344
1481.100098 1169.616943
1507.982666 1169.700684
1535.278076 1169.405762
1560.335205 1169.013550
806.716003 1194.449585
833.779846 1194.540039
861.098145 1194.510010
886.403870 1194.771240
916.481628 1194.424683
941.784607 1194.728027
969.519409 1195.788330
995.765442 1195.679565
1023.915283 1196.337036
1051.221191 1197.388794
1076.730225 1197.375366
1104.588745 1196.782104
1131.753174 1196.865845
1157.851562 1197.309814
1184.654419 1196.348145
1212.190918 1197.127686
1239.007202 1196.865479
1266.240479 1196.964600
1293.592773 1196.615112
1320.630127 1198.165039
1347.692993 1196.441406
1373.859741 1196.945190
1399.734863 1198.753418
1427.177368 1197.123413
1453.666382 1196.514648
1480.867310 1196.948364
1508.073608 1197.032227
1534.932983 1196.419800
1561.783325 1196.857056
806.757812 1221.328125
833.369446 1222.553101
862.261963 1222.786743
888.773560 1222.272705
915.873230 1222.357666
942.619324 1222.446289
970.088928 1222.876099
996.840149 1222.964600
1023.957153 1223.398071
1050.708496 1223.485229
1077.829468 1223.571655
1104.591675 1223.660278
1130.651245 1224.452759
1158.124268 1223.837402
1185.962646 1223.567139
1212.902710 1223.347778
1239.150146 1224.041382
1265.579102 1223.839600
1292.759766 1224.296509
1319.922729 1224.373047
1346.291748 1224.450806
1373.439453 1224.535889
1400.235229 1223.927246
1427.030518 1224.364380
1453.832275 1224.104370
1480.648315 1223.863159
1507.805420 1223.580688
1535.524902 1222.758911
1561.168213 1223.634766
805.974854 1249.476807
834.651550 1248.889648
862.024536 1249.366699
889.835693 1250.100098
915.831848 1249.843018
942.890991 1249.929443
969.953064 1250.015747
996.994812 1250.095825
1024.099487 1250.602783
1051.162354 1250.622070
1077.879395 1250.712036
1104.542847 1250.785034
1131.744385 1250.880127
1159.465210 1250.273071
1185.128418 1250.720581
1212.286865 1251.170044
1238.700806 1251.586670
1265.708984 1251.319458
1292.798096 1251.454834
1319.527588 1251.163086
1346.273315 1251.252930
1373.021729 1251.342773
1398.912964 1252.121948
1426.715454 1250.991577
1453.291504 1250.569824
1480.277954 1250.750977
1507.480957 1251.140381
1534.302246 1250.484985
1560.726929 1250.332520
806.999817 1275.522827
834.974121 1276.226074
861.911926 1276.189575
888.981628 1276.256958
915.908569 1276.668945
943.317932 1277.039307
970.173157 1277.066162
998.287659 1276.841797
1023.871338 1277.591187
1050.898560 1277.678833
1077.573364 1277.770020
1104.968018 1277.857666
1132.520630 1278.743774
1158.312744 1278.095215
1185.014648 1278.473999
1213.092407 1277.514526
1239.103638 1278.303223
1265.796875 1278.047974
1292.495483 1278.485596
1320.157837 1277.313721
1347.009155 1279.103394
1372.961060 1278.409302
1399.649902 1278.217407
1426.739990 1278.241821
1453.816406 1277.636597
1480.176392 1278.077637
1506.185059 1278.175781
1533.281616 1276.877075
1560.714600 1277.654663
807.844910 1302.814331
835.162781 1302.899780
862.129272 1302.988892
889.462036 1303.419434
916.442017 1303.853394
943.415894 1303.942261
970.440552 1304.007935
997.433411 1304.138062
1025.159424 1303.460083
1051.695068 1304.294678
1077.613647 1306.313232
1105.486694 1305.695679
1131.846680 1304.899170
1158.954956 1304.657593
1185.963745 1305.782227
1211.984619 1304.953491
1238.992432 1305.011841
1265.545166 1305.092651
1292.205444 1305.119629
1318.984863 1305.093262
1346.176147 1305.281372
1372.436646 1305.187256
1399.436157 1305.100952
1426.295410 1304.903687
1453.862549 1303.625122
1479.593506 1304.723755
1507.337280 1305.151611
1534.391479 1303.858765
1560.362183 1304.303467
807.965393 1329.692261
835.504272 1329.988037
862.519470 1330.273804
889.453979 1330.300049
916.700012 1330.542603
943.677063 1330.821289
971.184692 1332.188354
997.187317 1330.661011
1025.483765 1332.015991
1051.071167 1330.841431
1079.068237 1332.267578
1104.105591 1332.250000
1130.930664 1331.146606
1158.880371 1331.890869
1185.308960 1331.876221
1211.420166 1332.623779
1239.025269 1332.056030
1265.658447 1331.918091
1292.293945 1331.982178
1319.272217 1331.757690
1346.615479 1332.932861
1372.486450 1331.601074
1399.367188 1331.802124
1425.743042 1331.444214
1453.085205 1331.531250
1479.717285 1331.969360
1506.716797 1331.370850
1533.518799 1331.732666
1560.721558 1330.862671
808.450928 1356.111694
835.681152 1356.913330
862.562134 1357.004883
889.454834 1357.439087
918.000854 1357.010376
943.937317 1357.615479
970.829346 1357.707153
998.554138 1358.786255
1024.621704 1357.890259
1052.357544 1358.915405
1078.795166 1359.099121
1104.934937 1358.359863
1131.291992 1359.394287
1158.472412 1358.679810
1185.061035 1360.474976
1213.129150 1359.500977
1238.119263 1359.676514
1266.490356 1359.582520
1292.338501 1358.819458
1319.747681 1359.606201
1346.381470 1357.843872
1372.781006 1358.411377
1399.363892 1358.849487
1425.952026 1358.601074
1452.568848 1358.381348
1479.494629 1358.101196
1506.114624 1358.200684
1533.086914 1358.334106
1560.893066 1356.948364
808.579346 1383.875122
836.120605 1383.961182
862.958801 1384.053955
890.152954 1384.143555
916.652100 1384.581421
944.199219 1384.677734
971.054077 1384.760498
997.905945 1384.853271
1025.334717 1385.963989
1051.257202 1386.717407
1079.036499 1386.094849
1104.518188 1386.138062
1132.607178 1386.425659
1158.694458 1385.416016
1185.416260 1385.366577
1212.991577 1384.750244
1239.535645 1386.498047
1265.538696 1385.611572
1294.037109 1385.921631
1318.583130 1384.958130
1345.827148 1385.389771
1372.366333 1385.486084
1398.554199 1385.585571
1425.456421 1384.994263
1451.281616 1384.447632
1478.973267 1384.906128
1505.658936 1385.096802
1532.733154 1385.026978
1559.651978 1384.777588
809.402893 1410.491943
836.196228 1410.585815
864.537903 1409.760498
890.848877 1410.764160
917.667664 1411.539795
944.322388 1410.960938
970.738647 1412.465576
998.426453 1411.137085
1024.899536 1411.916138
1051.609619 1411.585938
1077.685669 1412.676392
1106.222168 1412.796265
1131.347778 1412.943481
1158.685669 1412.027588
1185.382690 1412.058105
1212.837036 1413.230103
1238.907471 1412.064941
1265.250977 1412.037109
1292.471558 1412.523438
1319.507690 1413.033081
1346.307495 1411.134521
1372.075928 1411.905151
1398.808472 1411.886963
1425.329956 1411.989746
1452.174072 1411.737427
1478.683472 1411.834839
1505.556274 1411.246704
1531.357178 1412.032959
1559.766479 1409.898071
809.872070 1437.028687
836.850464 1437.646240
863.730530 1437.253296
890.856445 1437.987427
917.958984 1437.739868
944.369385 1437.838501
972.143250 1438.847656
997.707642 1439.397827
1025.377563 1438.118164
1051.756348 1438.567505
1078.001343 1437.634277
1104.754639 1439.602661
1132.732544 1439.472900
1159.008179 1438.550903
1184.782471 1437.892456
1212.163208 1438.750366
1239.715454 1439.504517
1265.738037 1438.983032
1292.182983 1438.402100
1318.701782 1438.707764
1345.377319 1438.782349
1371.418213 1440.072876
1398.707642 1438.450195
1425.171509 1438.208984
1451.998657 1438.329956
1478.810669 1438.399780
1505.638184 1438.155151
1532.814453 1438.587524
1559.662109 1437.322510
809.647644 1463.827637
836.708008 1463.921021
863.771301 1464.014282
891.188904 1464.104370
917.554993 1464.204102
945.767395 1465.226074
971.699524 1464.667114
998.199585 1464.629883
1025.266479 1465.103149
1052.757202 1465.932495
1077.948853 1466.023438
1105.156860 1464.997192
1131.389648 1464.299438
1158.667480 1465.254028
1184.692749 1466.177246
1211.325195 1464.557617
1240.040283 1464.604736
1265.474243 1465.227417
1292.895508 1464.554199
1319.583618 1465.955078
1346.448853 1464.402588
1371.878174 1465.203369
1398.684692 1464.991943
1425.993652 1466.065796
1452.156006 1465.123901
1478.272705 1464.836792
1504.230835 1465.640015
1532.159790 1464.400146
1557.515381 1465.333374
810.125366 1490.535278
836.782349 1490.295654
863.610657 1490.884888
890.476440 1490.488037
918.888184 1491.829102
945.897156 1490.706055
971.229004 1491.450317
998.804504 1491.284790
1026.238770 1492.174683
1052.108521 1491.530640
1079.725830 1492.449829
1104.764526 1492.613281
1133.111572 1490.671265
1158.770752 1491.791748
1186.205933 1492.831299
1212.228394 1491.586182
1239.525757 1492.724365
1266.494629 1491.020752
1291.010986 1490.998413
1317.979126 1491.037598
1346.023193 1492.736206
1372.986572 1491.018433
1398.496582 1491.706543
1424.888550 1491.091431
1451.627808 1491.577148
1478.360229 1491.287231
1505.103882 1491.047363
1531.843384 1491.483276
1557.889648 1491.249512
810.251587 1517.162109
836.911804 1517.258667
864.923706 1518.020508
891.868103 1516.770386
918.929382 1516.583740
944.988403 1517.920532
971.794495 1517.740845
999.648376 1518.657471
1025.581665 1517.961914
1052.924805 1519.101318
1078.141968 1519.145264
1106.554810 1518.881836
1132.350342 1518.188965
1159.697754 1519.273315
1186.345093 1517.463257
1212.031616 1518.212158
1238.839600 1518.083496
1266.363525 1519.004028
1292.735107 1518.921387
1319.409180 1517.336670
1345.033203 1518.117310
1370.727173 1517.264526
1398.405029 1518.317261
1425.710815 1519.004517
1451.440430 1517.508179
1477.831909 1517.924072
1505.663574 1516.693726
1531.184448 1517.809082
1558.246826 1517.515869
810.726746 1543.701538
837.282593 1544.146484
864.187622 1543.898804
891.554688 1544.333862
919.193481 1545.065430
945.287476 1544.275879
971.936279 1544.165649
998.972107 1544.720825
1026.563965 1545.148804
1051.576782 1545.515503
1078.436890 1545.024902
1105.029297 1543.783203
1131.656860 1544.890381
1157.942505 1545.526733
1184.472046 1543.886230
1211.174927 1545.530396
1239.724976 1545.518921
1265.360352 1544.572998
1291.875977 1544.655273
1318.362671 1544.625488
1345.056274 1544.676270
1370.335205 1545.106689
1397.974243 1544.492432
1425.620605 1543.672729
1451.200439 1544.383911
1477.906982 1544.517334
1504.566162 1544.281982
1531.212646 1543.890015
1558.247070 1543.807983
810.502502 1570.164062
837.053345 1570.599854
865.532654 1569.809448
891.880005 1570.453369
918.429504 1570.554810
945.921997 1572.236572
973.112915 1570.308838
998.793884 1570.853516
1025.593384 1571.016479
1053.264282 1571.710327
1080.042358 1569.939453
1104.783325 1570.195679
1132.323242 1571.066895
1159.847168 1572.108521
1185.698364 1571.045410
1211.049438 1570.213867
1237.753418 1571.951782
1265.350220 1571.096436
1290.856934 1571.922852
1318.426514 1571.069824
1345.003784 1570.830322
1370.226807 1570.320679
1399.435547 1570.425781
1424.812134 1570.800415
1451.417969 1571.236938
1477.684082 1570.671997
1504.149170 1570.376099
1531.273804 1570.202637
1557.890503 1570.639282
810.637756 1596.873413
837.475342 1596.639893
864.684021 1597.069824
891.528381 1596.836304
919.785767 1597.760498
945.482727 1597.284668
972.311340 1597.033936
999.756226 1596.319092
1025.490967 1597.338135
1052.306152 1597.475830
1078.320679 1596.237915
1104.979614 1598.387817
1132.347900 1597.386963
1159.124390 1597.325684
1186.586426 1598.345093
1211.269409 1598.425293
1239.622925 1598.480957
1266.718262 1596.865112
1291.882812 1597.497192
1318.357178 1597.412354
1344.987183 1597.229126
1371.362549 1597.153442
1397.892578 1597.196411
1424.668335 1597.537720
1451.225464 1597.027954
1477.806030 1597.410034
1504.419189 1597.205566
1530.686035 1596.773315
1557.543823 1596.717407
810.906982 1623.684814
838.263611 1623.260864
864.820862 1623.797119
891.768982 1623.540405
918.696716 1623.563721
945.165527 1623.667847
973.314941 1622.905396
999.138245 1623.681519
1025.774292 1623.864380
1052.319946 1623.754883
1079.997437 1622.882812
1105.711426 1623.587646
1133.278809 1622.746216
1158.750000 1623.820312
1184.758789 1624.541016
1211.087280 1622.988281
1238.626831 1623.935913
1264.247681 1623.033813
1292.501465 1622.737549
1317.302734 1623.011475
1344.767090 1623.789795
1371.336304 1623.777100
1398.004150 1624.086304
1424.177979 1623.860840
1451.053467 1623.629272
1477.547363 1623.454590
1504.118530 1623.172241
1531.354858 1622.937500
1557.886230 1622.190918
