21 29
/global/tile_specs/texture1.txt.3X3
/global/tile_specs/texture.txt.test
/global/tile_specs/texture.txt.test
/global/tile_specs/texture.txt.test
-0.874878	-0.835724	0.005179	0.001825
-0.812317	-0.835724	0.040246	0.002300
-0.749756	-0.835724	0.074596	0.002094
-0.687195	-0.835724	0.110627	0.003101
-0.624633	-0.835724	0.145512	0.000000
-0.562072	-0.835724	0.179214	0.002733
-0.499511	-0.835724	0.213589	0.002556
-0.436950	-0.835724	0.248777	0.002979
-0.374389	-0.835724	0.282997	0.002776
-0.311828	-0.835724	0.318186	0.003530
-0.249267	-0.835724	0.352549	0.003544
-0.186706	-0.835724	0.387923	0.004118
-0.124145	-0.835724	0.421971	0.004401
-0.061584	-0.835724	0.456751	0.004222
0.000978	-0.835724	0.491511	0.004628
0.063539	-0.835724	0.526573	0.005039
0.126100	-0.835724	0.561237	0.004812
0.188661	-0.835724	0.596296	0.005267
0.251222	-0.835724	0.632017	0.004514
0.313783	-0.835724	0.666747	0.006676
0.376344	-0.835724	0.702112	0.007508
0.438905	-0.835724	0.736401	0.006890
0.501466	-0.835724	0.771556	0.006884
0.564027	-0.835724	0.806863	0.007728
0.626588	-0.835724	0.841573	0.006581
0.689150	-0.835724	0.878271	0.009733
0.751711	-0.835724	0.912726	0.008994
0.814272	-0.835724	0.947948	0.009376
0.876833	-0.835724	0.983342	0.009388
-0.874878	-0.752282	0.004005	0.049511
-0.812317	-0.752282	0.040176	0.047947
-0.749756	-0.752282	0.074482	0.048352
-0.687195	-0.752282	0.110205	0.047600
-0.624633	-0.752282	0.145491	0.047515
-0.562072	-0.752282	0.179243	0.051780
-0.499511	-0.752282	0.213164	0.048813
-0.436950	-0.752282	0.248397	0.049228
-0.374389	-0.752282	0.283635	0.049644
-0.311828	-0.752282	0.318401	0.049875
-0.249267	-0.752282	0.354258	0.048871
-0.186706	-0.752282	0.387612	0.050339
-0.124145	-0.752282	0.422131	0.050845
-0.061584	-0.752282	0.457172	0.050561
0.000978	-0.752282	0.491147	0.050916
0.063539	-0.752282	0.527816	0.052645
0.126100	-0.752282	0.561245	0.051742
0.188661	-0.752282	0.597415	0.053214
0.251222	-0.752282	0.630498	0.051383
0.313783	-0.752282	0.666273	0.052501
0.376344	-0.752282	0.700365	0.054886
0.438905	-0.752282	0.736367	0.053784
0.501466	-0.752282	0.772862	0.052712
0.564027	-0.752282	0.806787	0.054162
0.626588	-0.752282	0.840969	0.053863
0.689150	-0.752282	0.878136	0.056457
0.751711	-0.752282	0.912500	0.055880
0.814272	-0.752282	0.948281	0.055709
0.876833	-0.752282	0.983667	0.056626
-0.874878	-0.668840	0.004716	0.094515
-0.812317	-0.668840	0.040751	0.093768
-0.749756	-0.668840	0.074336	0.095343
-0.687195	-0.668840	0.108761	0.094575
-0.624633	-0.668840	0.143524	0.096165
-0.562072	-0.668840	0.180098	0.093759
-0.499511	-0.668840	0.215633	0.096693
-0.436950	-0.668840	0.248932	0.094783
-0.374389	-0.668840	0.283570	0.096003
-0.311828	-0.668840	0.317790	0.096471
-0.249267	-0.668840	0.353435	0.098094
-0.186706	-0.668840	0.387573	0.097301
-0.124145	-0.668840	0.422395	0.096521
-0.061584	-0.668840	0.457678	0.098133
0.000978	-0.668840	0.492652	0.099634
0.063539	-0.668840	0.526812	0.098719
0.126100	-0.668840	0.561594	0.098797
0.188661	-0.668840	0.596762	0.099197
0.251222	-0.668840	0.631545	0.099335
0.313783	-0.668840	0.666331	0.099797
0.376344	-0.668840	0.702452	0.101484
0.438905	-0.668840	0.736376	0.100267
0.501466	-0.668840	0.773007	0.101945
0.564027	-0.668840	0.806898	0.101775
0.626588	-0.668840	0.842230	0.101855
0.689150	-0.668840	0.877558	0.102692
0.751711	-0.668840	0.913697	0.103515
0.814272	-0.668840	0.948249	0.103693
0.876833	-0.668840	0.984013	0.103816
-0.874878	-0.585398	0.003498	0.142693
-0.812317	-0.585398	0.039806	0.141481
-0.749756	-0.585398	0.075127	0.141905
-0.687195	-0.585398	0.109576	0.141727
-0.624633	-0.585398	0.144000	0.142139
-0.562072	-0.585398	0.178943	0.141965
-0.499511	-0.585398	0.214222	0.142981
-0.436950	-0.585398	0.247716	0.141975
-0.374389	-0.585398	0.283131	0.143216
-0.311828	-0.585398	0.316627	0.142936
-0.249267	-0.585398	0.352771	0.143879
-0.186706	-0.585398	0.387422	0.143876
-0.124145	-0.585398	0.423141	0.142676
-0.061584	-0.585398	0.457224	0.144214
0.000978	-0.585398	0.492027	0.145098
0.063539	-0.585398	0.527949	0.145930
0.126100	-0.585398	0.561715	0.145781
0.188661	-0.585398	0.597724	0.146805
0.251222	-0.585398	0.631573	0.146188
0.313783	-0.585398	0.666377	0.146192
0.376344	-0.585398	0.701417	0.147047
0.438905	-0.585398	0.736362	0.148056
0.501466	-0.585398	0.770924	0.146697
0.564027	-0.585398	0.807140	0.148439
0.626588	-0.585398	0.843465	0.147688
0.689150	-0.585398	0.877462	0.149117
0.751711	-0.585398	0.912082	0.151345
0.814272	-0.585398	0.948538	0.150596
0.876833	-0.585398	0.984113	0.151004
-0.874878	-0.501956	0.004171	0.189522
-0.812317	-0.501956	0.039183	0.188169
-0.749756	-0.501956	0.076244	0.189303
-0.687195	-0.501956	0.109138	0.188407
-0.624633	-0.501956	0.144582	0.191105
-0.562072	-0.501956	0.178505	0.188669
-0.499511	-0.501956	0.213900	0.189096
-0.436950	-0.501956	0.248583	0.189563
-0.374389	-0.501956	0.283430	0.188764
-0.311828	-0.501956	0.318302	0.190357
-0.249267	-0.501956	0.353756	0.192044
-0.186706	-0.501956	0.387346	0.190599
-0.124145	-0.501956	0.421913	0.189886
-0.061584	-0.501956	0.456379	0.192814
0.000978	-0.501956	0.492694	0.192904
0.063539	-0.501956	0.526905	0.192189
0.126100	-0.501956	0.562938	0.193249
0.188661	-0.501956	0.597801	0.191057
0.251222	-0.501956	0.631784	0.193223
0.313783	-0.501956	0.666807	0.193975
0.376344	-0.501956	0.701718	0.193878
0.438905	-0.501956	0.736672	0.194697
0.501466	-0.501956	0.773004	0.196566
0.564027	-0.501956	0.807343	0.195672
0.626588	-0.501956	0.843514	0.197367
0.689150	-0.501956	0.877713	0.196908
0.751711	-0.501956	0.913918	0.198701
0.814272	-0.501956	0.948863	0.197871
0.876833	-0.501956	0.985359	0.199402
-0.874878	-0.418514	0.005338	0.235788
-0.812317	-0.418514	0.039465	0.235016
-0.749756	-0.418514	0.074443	0.235442
-0.687195	-0.418514	0.110182	0.236848
-0.624633	-0.418514	0.143949	0.235678
-0.562072	-0.418514	0.178498	0.236710
-0.499511	-0.418514	0.215020	0.234884
-0.436950	-0.418514	0.248641	0.235715
-0.374389	-0.418514	0.283988	0.237401
-0.311828	-0.418514	0.317662	0.237216
-0.249267	-0.418514	0.352704	0.237049
-0.186706	-0.418514	0.387315	0.237532
-0.124145	-0.418514	0.422375	0.237866
-0.061584	-0.418514	0.458248	0.238832
0.000978	-0.418514	0.492366	0.238750
0.063539	-0.418514	0.527429	0.238583
0.126100	-0.418514	0.562869	0.240797
0.188661	-0.418514	0.596541	0.239432
0.251222	-0.418514	0.632110	0.240452
0.313783	-0.418514	0.666687	0.240341
0.376344	-0.418514	0.700726	0.242986
0.438905	-0.418514	0.736913	0.241736
0.501466	-0.418514	0.773277	0.240409
0.564027	-0.418514	0.807475	0.242686
0.626588	-0.418514	0.843685	0.241390
0.689150	-0.418514	0.879153	0.245310
0.751711	-0.418514	0.914570	0.243216
0.814272	-0.418514	0.949699	0.246216
0.876833	-0.418514	0.984687	0.245692
-0.874878	-0.335072	0.004261	0.281661
-0.812317	-0.335072	0.039263	0.282601
-0.749756	-0.335072	0.074357	0.281840
-0.687195	-0.335072	0.108942	0.282203
-0.624633	-0.335072	0.143982	0.282696
-0.562072	-0.335072	0.178148	0.282519
-0.499511	-0.335072	0.214578	0.284848
-0.436950	-0.335072	0.248302	0.283369
-0.374389	-0.335072	0.283319	0.283810
-0.311828	-0.335072	0.319063	0.282442
-0.249267	-0.335072	0.352537	0.284005
-0.186706	-0.335072	0.387218	0.283894
-0.124145	-0.335072	0.422734	0.287072
-0.061584	-0.335072	0.457364	0.285351
0.000978	-0.335072	0.492802	0.286485
0.063539	-0.335072	0.526250	0.284408
0.126100	-0.335072	0.562427	0.287502
0.188661	-0.335072	0.595728	0.288270
0.251222	-0.335072	0.631596	0.287223
0.313783	-0.335072	0.665956	0.288991
0.376344	-0.335072	0.701900	0.288205
0.438905	-0.335072	0.737158	0.288947
0.501466	-0.335072	0.773296	0.290185
0.564027	-0.335072	0.807399	0.290187
0.626588	-0.335072	0.842320	0.289084
0.689150	-0.335072	0.878786	0.291718
0.751711	-0.335072	0.914410	0.292776
0.814272	-0.335072	0.948879	0.292922
0.876833	-0.335072	0.984769	0.293105
-0.874878	-0.251630	0.004572	0.328672
-0.812317	-0.251630	0.039153	0.328547
-0.749756	-0.251630	0.073785	0.328976
-0.687195	-0.251630	0.108156	0.328418
-0.624633	-0.251630	0.143579	0.329149
-0.562072	-0.251630	0.178224	0.329073
-0.499511	-0.251630	0.213429	0.329618
-0.436950	-0.251630	0.248443	0.329942
-0.374389	-0.251630	0.282648	0.330365
-0.311828	-0.251630	0.317770	0.330800
-0.249267	-0.251630	0.354010	0.329494
-0.186706	-0.251630	0.387995	0.332841
-0.124145	-0.251630	0.422256	0.332093
-0.061584	-0.251630	0.456771	0.331012
0.000978	-0.251630	0.492102	0.332251
0.063539	-0.251630	0.526808	0.332788
0.126100	-0.251630	0.562946	0.332198
0.188661	-0.251630	0.597128	0.333659
0.251222	-0.251630	0.631627	0.334571
0.313783	-0.251630	0.667245	0.334441
0.376344	-0.251630	0.702171	0.335365
0.438905	-0.251630	0.737312	0.336006
0.501466	-0.251630	0.772410	0.336765
0.564027	-0.251630	0.807465	0.336806
0.626588	-0.251630	0.843948	0.336101
0.689150	-0.251630	0.879050	0.340473
0.751711	-0.251630	0.913851	0.339427
0.814272	-0.251630	0.949570	0.339856
0.876833	-0.251630	0.984795	0.340666
-0.874878	-0.168188	0.003811	0.375994
-0.812317	-0.168188	0.039013	0.375869
-0.749756	-0.168188	0.073698	0.375667
-0.687195	-0.168188	0.108390	0.376100
-0.624633	-0.168188	0.143057	0.377132
-0.562072	-0.168188	0.178729	0.376378
-0.499511	-0.168188	0.213435	0.376810
-0.436950	-0.168188	0.248172	0.377239
-0.374389	-0.168188	0.282889	0.377077
-0.311828	-0.168188	0.317152	0.377505
-0.249267	-0.168188	0.352335	0.377944
-0.186706	-0.168188	0.388052	0.376732
-0.124145	-0.168188	0.423931	0.379289
-0.061584	-0.168188	0.457196	0.379330
0.000978	-0.168188	0.492885	0.380852
0.063539	-0.168188	0.528047	0.378662
0.126100	-0.168188	0.561893	0.380186
0.188661	-0.168188	0.597046	0.381110
0.251222	-0.168188	0.632051	0.381611
0.313783	-0.168188	0.668050	0.380956
0.376344	-0.168188	0.702160	0.382330
0.438905	-0.168188	0.737327	0.383141
0.501466	-0.168188	0.773447	0.385124
0.564027	-0.168188	0.808845	0.383164
0.626588	-0.168188	0.843275	0.385178
0.689150	-0.168188	0.877589	0.387283
0.751711	-0.168188	0.915263	0.387586
0.814272	-0.168188	0.950287	0.384909
0.876833	-0.168188	0.985854	0.388545
-0.874878	-0.084746	0.004496	0.423440
-0.812317	-0.084746	0.038750	0.420535
-0.749756	-0.084746	0.074412	0.421159
-0.687195	-0.084746	0.108327	0.423543
-0.624633	-0.084746	0.143994	0.423992
-0.562072	-0.084746	0.179520	0.424293
-0.499511	-0.084746	0.213540	0.424264
-0.436950	-0.084746	0.247876	0.424095
-0.374389	-0.084746	0.282215	0.423925
-0.311828	-0.084746	0.317447	0.424367
-0.249267	-0.084746	0.352685	0.424810
-0.186706	-0.084746	0.387505	0.425317
-0.124145	-0.084746	0.422695	0.426293
-0.061584	-0.084746	0.457056	0.426123
0.000978	-0.084746	0.491857	0.426560
0.063539	-0.084746	0.528507	0.427880
0.126100	-0.084746	0.562993	0.426367
0.188661	-0.084746	0.596413	0.427254
0.251222	-0.084746	0.633171	0.427427
0.313783	-0.084746	0.667292	0.429368
0.376344	-0.084746	0.702260	0.430032
0.438905	-0.084746	0.737620	0.430497
0.501466	-0.084746	0.773675	0.429811
0.564027	-0.084746	0.807451	0.430374
0.626588	-0.084746	0.843765	0.432792
0.689150	-0.084746	0.879382	0.434944
0.751711	-0.084746	0.914331	0.434084
0.814272	-0.084746	0.950595	0.435855
0.876833	-0.084746	0.985172	0.436904
-0.874878	-0.001304	0.003326	0.469819
-0.812317	-0.001304	0.038666	0.470255
-0.749756	-0.001304	0.073005	0.470690
-0.687195	-0.001304	0.108295	0.470534
-0.624633	-0.001304	0.143130	0.470372
-0.562072	-0.001304	0.178399	0.470819
-0.499511	-0.001304	0.212784	0.470651
-0.436950	-0.001304	0.248035	0.471702
-0.374389	-0.001304	0.282403	0.472137
-0.311828	-0.001304	0.317668	0.471588
-0.249267	-0.001304	0.352095	0.472417
-0.186706	-0.001304	0.386960	0.472255
-0.124145	-0.001304	0.422287	0.472099
-0.061584	-0.001304	0.456655	0.473138
0.000978	-0.001304	0.492686	0.475301
0.063539	-0.001304	0.527487	0.472288
0.126100	-0.001304	0.562052	0.474676
0.188661	-0.001304	0.597443	0.476130
0.251222	-0.001304	0.632203	0.476287
0.313783	-0.001304	0.667661	0.477020
0.376344	-0.001304	0.702566	0.476858
0.438905	-0.001304	0.737900	0.477910
0.501466	-0.001304	0.773445	0.479364
0.564027	-0.001304	0.808176	0.479384
0.626588	-0.001304	0.844192	0.480893
0.689150	-0.001304	0.879331	0.480911
0.751711	-0.001304	0.915405	0.482600
0.814272	-0.001304	0.949648	0.481198
0.876833	-0.001304	0.985223	0.481726
-0.874878	0.082138	0.004251	0.515631
-0.812317	0.082138	0.038065	0.517382
-0.749756	0.082138	0.072488	0.517216
-0.687195	0.082138	0.107770	0.517150
-0.624633	0.082138	0.143152	0.517514
-0.562072	0.082138	0.177277	0.517291
-0.499511	0.082138	0.212888	0.518404
-0.436950	0.082138	0.247305	0.518844
-0.374389	0.082138	0.281779	0.518073
-0.311828	0.082138	0.317097	0.519130
-0.249267	0.082138	0.351997	0.519544
-0.186706	0.082138	0.386883	0.520021
-0.124145	0.082138	0.421761	0.520244
-0.061584	0.082138	0.456689	0.520913
0.000978	0.082138	0.492698	0.518852
0.063539	0.082138	0.526975	0.521810
0.126100	0.082138	0.563347	0.520927
0.188661	0.082138	0.598034	0.523765
0.251222	0.082138	0.633498	0.522393
0.313783	0.082138	0.668222	0.525134
0.376344	0.082138	0.703545	0.523607
0.438905	0.082138	0.738515	0.526640
0.501466	0.082138	0.772962	0.526173
0.564027	0.082138	0.809221	0.527290
0.626588	0.082138	0.844806	0.526762
0.689150	0.082138	0.879171	0.528145
0.751711	0.082138	0.914909	0.528776
0.814272	0.082138	0.950750	0.530218
0.876833	0.082138	0.985891	0.530703
-0.874878	0.165580	0.003052	0.563607
-0.812317	0.165580	0.037920	0.564134
-0.749756	0.165580	0.072368	0.565107
-0.687195	0.165580	0.108228	0.564961
-0.624633	0.165580	0.142714	0.564798
-0.562072	0.165580	0.177635	0.565247
-0.499511	0.165580	0.212101	0.565691
-0.436950	0.165580	0.247951	0.566152
-0.374389	0.165580	0.283245	0.567050
-0.311828	0.165580	0.317430	0.566457
-0.249267	0.165580	0.351879	0.566883
-0.186706	0.165580	0.386829	0.567333
-0.124145	0.165580	0.421808	0.567175
-0.061584	0.165580	0.455769	0.569685
0.000978	0.165580	0.493279	0.569238
0.063539	0.165580	0.524783	0.569672
0.126100	0.165580	0.562051	0.569511
0.188661	0.165580	0.597540	0.570652
0.251222	0.165580	0.632951	0.572213
0.313783	0.165580	0.667241	0.571673
0.376344	0.165580	0.703775	0.573031
0.438905	0.165580	0.737060	0.572448
0.501466	0.165580	0.773858	0.574375
0.564027	0.165580	0.808431	0.574583
0.626588	0.165580	0.843859	0.575217
0.689150	0.165580	0.879436	0.576139
0.751711	0.165580	0.914535	0.575339
0.814272	0.165580	0.950572	0.577713
0.876833	0.165580	0.987047	0.579518
-0.874878	0.249022	0.001927	0.611020
-0.812317	0.249022	0.037348	0.611479
-0.749756	0.249022	0.072252	0.611918
-0.687195	0.249022	0.108373	0.612757
-0.624633	0.249022	0.142275	0.612232
-0.562072	0.249022	0.176351	0.611889
-0.499511	0.249022	0.212692	0.613145
-0.436950	0.249022	0.247653	0.613811
-0.374389	0.249022	0.282891	0.611939
-0.311828	0.249022	0.318149	0.614610
-0.249267	0.249022	0.351770	0.614340
-0.186706	0.249022	0.386800	0.614184
-0.124145	0.249022	0.422123	0.615255
-0.061584	0.249022	0.456153	0.615057
0.000978	0.249022	0.491917	0.616330
0.063539	0.249022	0.526919	0.616623
0.126100	0.249022	0.562322	0.617680
0.188661	0.249022	0.598085	0.618984
0.251222	0.249022	0.632401	0.618589
0.313783	0.249022	0.667910	0.619050
0.376344	0.249022	0.703389	0.620730
0.438905	0.249022	0.739051	0.621345
0.501466	0.249022	0.773513	0.621640
0.564027	0.249022	0.809589	0.623304
0.626588	0.249022	0.844284	0.623412
0.689150	0.249022	0.879632	0.624237
0.751711	0.249022	0.915181	0.624698
0.814272	0.249022	0.951991	0.626288
0.876833	0.249022	0.986282	0.626231
-0.874878	0.332464	0.002195	0.656229
-0.812317	0.332464	0.037203	0.659059
-0.749756	0.332464	0.072658	0.658674
-0.687195	0.332464	0.107270	0.659363
-0.624633	0.332464	0.142379	0.659298
-0.562072	0.332464	0.176433	0.659656
-0.499511	0.332464	0.212391	0.660126
-0.436950	0.332464	0.247357	0.661009
-0.374389	0.332464	0.282016	0.661036
-0.311828	0.332464	0.316631	0.660877
-0.249267	0.332464	0.353092	0.662680
-0.186706	0.332464	0.386747	0.661794
-0.124145	0.332464	0.421890	0.662274
-0.061584	0.332464	0.456860	0.663322
0.000978	0.332464	0.491653	0.663285
0.063539	0.332464	0.527458	0.664856
0.126100	0.332464	0.563084	0.665683
0.188661	0.332464	0.597114	0.666379
0.251222	0.332464	0.632411	0.666113
0.313783	0.332464	0.667466	0.666666
0.376344	0.332464	0.703001	0.667325
0.438905	0.332464	0.739005	0.667058
0.501466	0.332464	0.773635	0.669276
0.564027	0.332464	0.809151	0.670188
0.626588	0.332464	0.844953	0.671217
0.689150	0.332464	0.880360	0.671917
0.751711	0.332464	0.916248	0.674044
0.814272	0.332464	0.951562	0.673460
0.876833	0.332464	0.988146	0.675507
-0.874878	0.415906	0.001990	0.706326
-0.812317	0.415906	0.037120	0.705563
-0.749756	0.415906	0.072159	0.706638
-0.687195	0.415906	0.106774	0.707094
-0.624633	0.415906	0.141688	0.707328
-0.562072	0.415906	0.177025	0.708714
-0.499511	0.415906	0.212061	0.707867
-0.436950	0.415906	0.246695	0.708323
-0.374389	0.415906	0.281361	0.708167
-0.311828	0.415906	0.315640	0.707377
-0.249267	0.415906	0.352476	0.709717
-0.186706	0.415906	0.386775	0.709536
-0.124145	0.415906	0.422912	0.708941
-0.061584	0.415906	0.456917	0.711092
0.000978	0.415906	0.492953	0.710217
0.063539	0.415906	0.526724	0.712012
0.126100	0.415906	0.561425	0.711855
0.188661	0.415906	0.597512	0.713380
0.251222	0.415906	0.633054	0.714640
0.313783	0.415906	0.667769	0.714483
0.376344	0.415906	0.703647	0.713597
0.438905	0.415906	0.739244	0.717702
0.501466	0.415906	0.773827	0.717233
0.564027	0.415906	0.809711	0.718663
0.626588	0.415906	0.844522	0.718653
0.689150	0.415906	0.880148	0.720351
0.751711	0.415906	0.915772	0.720496
0.814272	0.415906	0.952162	0.723551
0.876833	0.415906	0.988053	0.723001
-0.874878	0.499348	0.001326	0.754197
-0.812317	0.499348	0.036480	0.754049
-0.749756	0.499348	0.071637	0.753901
-0.687195	0.499348	0.106306	0.754361
-0.624633	0.499348	0.142478	0.756354
-0.562072	0.499348	0.176771	0.755362
-0.499511	0.499348	0.212248	0.754537
-0.436950	0.499348	0.248904	0.755261
-0.374389	0.499348	0.281553	0.756107
-0.311828	0.499348	0.315122	0.757640
-0.249267	0.499348	0.351555	0.757026
-0.186706	0.499348	0.386176	0.757460
-0.124145	0.499348	0.421816	0.757933
-0.061584	0.499348	0.456601	0.758387
0.000978	0.499348	0.491700	0.759476
0.063539	0.499348	0.527590	0.759215
0.126100	0.499348	0.562102	0.760459
0.188661	0.499348	0.598072	0.759905
0.251222	0.499348	0.633011	0.761993
0.313783	0.499348	0.669033	0.764292
0.376344	0.499348	0.703382	0.762901
0.438905	0.499348	0.738572	0.764599
0.501466	0.499348	0.773773	0.765017
0.564027	0.499348	0.809937	0.766779
0.626588	0.499348	0.845188	0.767365
0.689150	0.499348	0.880993	0.766301
0.751711	0.499348	0.916210	0.768531
0.814272	0.499348	0.951394	0.769273
0.876833	0.499348	0.986558	0.769913
-0.874878	0.582790	0.001188	0.800994
-0.812317	0.582790	0.036858	0.800854
-0.749756	0.582790	0.071375	0.802352
-0.687195	0.582790	0.106300	0.801782
-0.624633	0.582790	0.141925	0.802876
-0.562072	0.582790	0.176840	0.801750
-0.499511	0.582790	0.210991	0.802565
-0.436950	0.582790	0.245188	0.804874
-0.374389	0.582790	0.280665	0.803587
-0.311828	0.582790	0.316135	0.804588
-0.249267	0.582790	0.352044	0.803917
-0.186706	0.582790	0.386609	0.804913
-0.124145	0.582790	0.421354	0.805995
-0.061584	0.582790	0.456432	0.806699
0.000978	0.582790	0.492038	0.807036
0.063539	0.582790	0.528141	0.809623
0.126100	0.582790	0.561852	0.808491
0.188661	0.582790	0.597091	0.809580
0.251222	0.582790	0.631932	0.808811
0.313783	0.582790	0.668112	0.810530
0.376344	0.582790	0.703776	0.810815
0.438905	0.582790	0.738960	0.812223
0.501466	0.582790	0.773902	0.813180
0.564027	0.582790	0.809611	0.814269
0.626588	0.582790	0.845392	0.815372
0.689150	0.582790	0.881176	0.815233
0.751711	0.582790	0.915348	0.817817
0.814272	0.582790	0.953622	0.818472
0.876833	0.582790	0.988139	0.819445
-0.874878	0.666232	0.000984	0.849172
-0.812317	0.666232	0.034920	0.847773
-0.749756	0.666232	0.070001	0.851339
-0.687195	0.666232	0.106705	0.850499
-0.624633	0.666232	0.140724	0.850003
-0.562072	0.666232	0.176299	0.850915
-0.499511	0.666232	0.211121	0.850765
-0.436950	0.666232	0.246501	0.852302
-0.374389	0.666232	0.281661	0.851122
-0.311828	0.666232	0.316467	0.852100
-0.249267	0.666232	0.351223	0.852615
-0.186706	0.666232	0.387952	0.851485
-0.124145	0.666232	0.423007	0.854773
-0.061584	0.666232	0.456617	0.854714
0.000978	0.666232	0.492947	0.856168
0.063539	0.666232	0.527868	0.855073
0.126100	0.666232	0.562384	0.856586
0.188661	0.666232	0.596824	0.858373
0.251222	0.666232	0.632694	0.858303
0.313783	0.666232	0.668183	0.858666
0.376344	0.666232	0.704162	0.861066
0.438905	0.666232	0.738282	0.861557
0.501466	0.666232	0.774008	0.861492
0.564027	0.666232	0.810765	0.860877
0.626588	0.666232	0.844609	0.862290
0.689150	0.666232	0.880500	0.864122
0.751711	0.666232	0.917643	0.866282
0.814272	0.666232	0.953513	0.867586
0.876833	0.666232	0.989286	0.868341
-0.874878	0.749674	0.000000	0.897289
-0.812317	0.749674	0.035635	0.897356
-0.749756	0.749674	0.070030	0.897203
-0.687195	0.749674	0.105762	0.898308
-0.624633	0.749674	0.140166	0.898154
-0.562072	0.749674	0.175938	0.898640
-0.499511	0.749674	0.210234	0.898912
-0.436950	0.749674	0.245640	0.899586
-0.374389	0.749674	0.280964	0.900065
-0.311828	0.749674	0.315802	0.901159
-0.249267	0.749674	0.352064	0.899441
-0.186706	0.749674	0.386501	0.901498
-0.124145	0.749674	0.421845	0.901978
-0.061584	0.749674	0.456730	0.902451
0.000978	0.749674	0.491597	0.903546
0.063539	0.749674	0.526958	0.904026
0.126100	0.749674	0.562042	0.904800
0.188661	0.749674	0.597630	0.905229
0.251222	0.749674	0.633944	0.907342
0.313783	0.749674	0.668435	0.906568
0.376344	0.749674	0.702426	0.907029
0.438905	0.749674	0.740389	0.909483
0.501466	0.749674	0.774037	0.909596
0.564027	0.749674	0.810917	0.909746
0.626588	0.749674	0.846282	0.912091
0.689150	0.749674	0.882195	0.911335
0.751711	0.749674	0.917119	0.914218
0.814272	0.749674	0.952033	0.916016
0.876833	0.749674	0.986961	0.916542
-0.874878	0.833116	0.000174	0.944740
-0.812317	0.833116	0.035485	0.945845
-0.749756	0.833116	0.069936	0.945694
-0.687195	0.833116	0.105367	0.945531
-0.624633	0.833116	0.141203	0.944800
-0.562072	0.833116	0.174282	0.947865
-0.499511	0.833116	0.210973	0.946377
-0.436950	0.833116	0.244950	0.946841
-0.374389	0.833116	0.281217	0.949083
-0.311828	0.833116	0.316152	0.948437
-0.249267	0.833116	0.351746	0.950745
-0.186706	0.833116	0.387329	0.951280
-0.124145	0.833116	0.421405	0.949877
-0.061584	0.833116	0.456408	0.950321
0.000978	0.833116	0.491726	0.950820
0.063539	0.833116	0.528059	0.951979
0.126100	0.833116	0.562550	0.953053
0.188661	0.833116	0.596600	0.952895
0.251222	0.833116	0.632440	0.955256
0.313783	0.833116	0.668359	0.955196
0.376344	0.833116	0.703306	0.956849
0.438905	0.833116	0.741073	0.956471
0.501466	0.833116	0.775810	0.959074
0.564027	0.833116	0.808774	0.957044
0.626588	0.833116	0.845096	0.960660
0.689150	0.833116	0.881924	0.959989
0.751711	0.833116	0.917833	0.963188
0.814272	0.833116	0.953187	0.963455
0.876833	0.833116	0.989701	0.964972
