1909.221802 2119.783691
1944.747437 2117.020020
1982.332275 2116.435303
2018.859619 2114.605469
2053.443604 2115.212158
2088.453857 2112.442139
2125.049561 2112.919678
2160.587891 2111.232178
2196.149902 2110.620361
2231.700684 2109.470947
2267.760742 2108.327881
2301.226074 2108.842285
2339.343018 2107.868896
2372.940918 2106.472412
2407.306152 2105.784668
2443.580078 2105.241943
2477.630859 2104.610107
2513.377441 2103.539795
2548.799072 2102.382568
2582.847168 2102.754150
2617.364014 2101.618164
2652.491943 2101.510010
2686.553467 2100.877930
2720.597168 2100.701172
2755.700928 2099.626953
2790.458252 2098.798340
2824.855957 2098.375732
2859.175293 2100.246582
2894.673828 2098.476074
1910.284668 2081.898438
1945.823486 2082.120117
1982.784546 2080.848633
2017.434204 2080.115723
2054.966797 2078.487061
2089.338135 2078.083740
2125.354004 2077.478760
2160.852783 2076.330566
2196.364990 2075.718506
2232.373291 2074.576904
2268.104248 2072.737061
2302.883789 2072.810059
2338.154541 2072.012939
2372.823975 2071.778564
2407.922363 2070.954102
2442.921631 2069.799316
2477.431641 2069.173828
2512.596680 2068.685059
2547.552246 2067.873779
2582.475586 2067.285400
2617.378906 2064.348145
2652.042480 2066.073242
2686.564209 2065.447510
2721.131592 2065.301025
2756.836182 2065.388184
2790.673828 2064.114014
2826.291748 2062.598145
2859.740723 2063.478271
2894.268066 2063.333740
1910.355469 2049.236572
1945.376221 2047.298462
1981.327759 2046.158325
2017.318848 2044.989136
2054.691650 2045.008789
2090.229248 2044.355469
2126.013428 2042.705933
2160.092041 2040.978760
2195.553223 2040.366821
2231.536133 2040.296143
2266.974854 2038.614380
2301.590088 2039.238037
2336.896240 2037.377075
2372.360352 2036.217773
2408.776123 2036.998535
2442.807373 2035.533691
2477.758545 2034.380127
2512.729004 2033.761230
2548.393555 2033.513062
2582.697754 2033.058350
2617.556396 2031.886597
2652.668945 2029.980347
2685.049805 2029.894775
2721.627686 2031.103882
2756.081543 2029.943481
2790.561035 2029.317871
2825.068115 2029.226807
2861.370605 2028.029053
2894.600586 2029.051880
1908.584473 2012.630127
1945.540161 2012.486206
1981.329712 2010.908813
2017.230591 2009.769897
2052.882568 2009.108643
2087.535400 2008.539307
2123.407471 2005.800293
2160.851318 2005.747437
2196.792969 2006.208618
2233.822266 2004.842163
2266.639893 2003.981812
2301.985840 2002.758789
2338.639160 2001.392334
2371.811523 2001.521118
2407.756592 1998.859131
2442.567383 2000.155884
2477.578125 1999.677368
2512.986816 1998.531494
2547.259766 1997.991577
2582.324951 1997.859985
2616.748779 1996.661377
2651.214600 1997.102661
2687.717529 1995.037964
2720.341553 1995.853882
2754.164795 1996.087280
2791.949219 1995.525391
2824.907715 1994.526855
2860.262939 1993.915283
2893.780273 1993.275146
1908.647339 1977.000244
1942.980591 1977.017944
1980.313721 1975.214722
2016.550415 1976.223877
2053.706299 1974.040405
2088.308838 1972.643799
2124.239746 1971.734497
2161.137939 1972.205444
2195.452881 1969.984619
2231.692383 1968.605713
2267.038818 1969.276001
2301.590332 1967.540649
2336.937256 1966.907227
2372.791260 1966.928833
2407.769043 1966.897827
2441.804199 1965.117554
2477.354248 1965.260864
2512.518555 1964.157715
2546.639648 1963.827271
2582.001953 1962.682617
2616.395020 1962.588745
2652.838379 1963.052612
2687.125000 1960.299683
2721.906738 1960.714844
2754.836426 1960.164429
2790.336670 1960.017822
2825.254150 1959.930176
2859.667480 1959.836304
2895.518555 1959.361328
1907.840210 1941.459473
1944.273193 1941.094360
1979.372681 1940.146973
2017.611816 1937.989502
2052.941162 1938.968140
2089.216797 1936.247192
2124.038818 1936.586304
2158.349121 1936.594116
2194.116699 1933.866943
2230.884521 1934.479004
2266.072510 1933.545776
2301.811523 1932.661255
2336.916504 1932.496460
2370.248535 1932.918701
2407.741943 1929.254761
2442.804932 1930.495117
2477.199951 1930.032715
2512.023438 1929.413574
2548.404297 1929.874390
2582.666260 1927.657349
2617.077148 1927.621582
2650.457764 1926.341553
2685.113037 1925.243652
2721.027832 1926.228027
2754.502197 1927.254272
2790.177490 1925.220337
2825.024414 1925.438599
2859.432373 1924.798096
2894.306641 1924.708984
1908.690063 1907.212769
1943.621460 1905.355347
1978.816772 1905.728516
2015.043335 1903.013428
2051.329590 1904.000366
2087.784912 1901.875854
2123.827637 1901.214111
2160.620117 1901.678345
2195.103027 1899.073242
2229.401123 1900.398682
2267.174316 1899.007812
2300.353027 1898.908813
2335.909912 1897.544556
2372.534668 1895.343750
2404.698730 1895.179688
2441.949951 1895.724243
2477.488770 1894.570679
2512.300293 1895.009033
2546.364746 1894.021729
2580.784912 1892.171143
2616.614502 1892.622070
2651.212646 1892.403198
2686.203369 1891.911987
2721.012939 1891.821289
2755.764893 1893.111572
2790.088379 1890.575928
2825.412354 1890.491455
2859.755859 1890.923340
2894.059326 1890.218506
1907.405762 1871.035767
1943.610718 1869.891479
1979.673218 1869.039551
2016.665283 1869.383545
2053.245605 1869.176025
2087.145508 1863.867065
2124.655518 1867.436035
2158.842773 1864.062012
2192.446045 1865.142578
2229.358398 1862.943359
2265.470947 1862.833862
2301.168945 1862.269043
2336.067383 1861.774170
2370.579834 1860.363281
2406.321777 1860.423828
2441.562256 1860.338135
2476.801758 1859.735718
2512.034424 1859.639282
2546.218018 1857.958862
2581.489746 1858.400513
2617.774902 1858.854492
2651.938965 1856.646606
2685.770020 1857.198364
2719.921631 1856.140015
2755.210693 1856.357178
2790.862305 1855.843140
2824.696289 1855.117798
2859.016846 1856.074219
2893.349854 1856.430298
1906.568848 1835.285400
1943.144287 1834.635620
1978.975830 1833.709229
2015.566284 1832.855469
2050.606201 1832.816040
2086.232910 1830.632080
2123.358398 1831.345459
2159.045898 1827.888428
2194.224609 1829.350586
2229.740723 1828.613770
2265.406982 1827.866821
2300.444336 1827.246094
2336.388428 1826.917236
2372.365967 1825.482910
2406.728271 1825.691284
2441.397949 1825.071655
2476.545410 1824.529663
2511.563232 1824.329956
2545.164795 1823.478760
2582.307861 1822.356323
2615.505615 1822.688232
2649.963379 1821.360840
2686.320557 1822.312012
2720.901367 1822.259033
2755.627441 1821.623779
2791.402100 1822.594360
2826.021729 1820.396851
2859.764160 1820.816406
2893.987793 1820.716064
1906.867798 1799.215698
1942.194214 1799.444824
1979.806641 1799.387329
2015.835693 1798.256592
2051.087402 1796.750977
2086.598145 1796.518799
2124.105713 1794.468994
2158.297363 1794.725220
2194.016846 1794.335449
2231.199463 1794.077515
2266.026855 1791.938721
2301.244385 1791.841553
2335.545898 1792.055054
2372.291016 1792.014648
2406.095947 1789.995728
2440.554443 1789.265991
2478.022705 1789.166382
2512.007568 1789.210327
2546.583496 1789.051636
2581.478760 1788.906982
2616.461182 1788.930664
2651.074707 1787.786621
2685.725098 1787.962524
2720.940918 1787.629883
2756.812988 1785.722168
2789.730713 1787.405029
2823.915039 1787.584717
2859.565918 1786.760010
2894.208496 1786.075806
1906.142700 1764.340088
1942.142578 1763.139526
1980.166016 1763.574951
2015.666748 1760.900757
2051.431396 1762.369995
2087.954834 1761.989380
2121.104980 1758.928589
2159.022705 1758.692139
2195.117920 1759.666870
2229.318115 1756.422363
2265.208496 1757.672485
2301.310547 1755.778320
2336.332764 1755.642700
2370.854248 1756.203125
2406.035156 1755.487061
2441.125000 1755.381226
2475.672119 1753.840332
2512.557129 1753.872681
2546.327148 1754.078613
2581.679688 1751.635376
2616.523193 1753.559082
2650.869873 1753.150757
2685.790283 1752.613037
2720.401855 1752.741577
2755.453857 1752.438232
2789.583984 1754.233032
2825.089844 1751.943848
2858.969727 1752.712036
2894.084229 1751.793457
1905.276489 1727.906250
1940.455933 1726.718628
1979.652344 1726.428467
2015.869141 1727.174316
2051.283936 1727.090942
2087.277100 1725.821411
2120.737305 1723.252197
2156.797119 1725.257446
2193.282715 1723.620117
2229.862793 1723.863892
2265.507812 1721.681274
2299.345703 1722.834717
2335.230713 1721.498169
2371.613037 1721.809204
2406.938965 1722.067505
2440.336182 1719.593750
2475.995117 1720.032715
2511.474854 1719.252686
2547.360352 1717.831421
2582.552979 1719.392334
2616.172119 1718.570435
2651.116699 1718.336914
2685.735840 1717.632202
2720.738525 1717.660889
2756.124512 1716.086548
2790.838867 1717.227173
2826.819336 1716.308960
2858.757080 1715.708740
2895.262207 1715.537354
1904.846680 1693.025513
1941.825439 1692.966309
1977.761108 1691.845581
2013.727783 1691.248779
2050.551025 1692.626343
2086.018311 1689.846436
2122.237305 1689.463013
2157.530029 1688.753418
2193.291992 1688.427856
2227.300537 1688.340454
2264.880127 1687.029541
2298.792969 1687.662231
2334.337646 1686.835815
2370.289795 1685.714600
2404.792236 1686.134399
2439.713379 1683.961304
2475.740479 1684.919067
2512.454590 1683.287598
2546.412109 1684.141357
2580.928711 1683.732178
2616.872803 1684.583618
2650.520752 1683.327393
2685.955811 1682.864990
2721.013916 1683.292114
2755.364746 1682.869019
2790.302734 1682.720947
2824.804199 1682.927246
2859.803467 1682.393311
2894.839355 1682.219116
1905.327393 1655.852905
1940.799316 1656.651123
1978.557617 1655.385620
2013.633423 1655.477295
2049.557373 1654.810791
2086.250488 1655.714600
2121.382080 1654.139038
2156.281738 1652.667358
2192.827881 1653.080078
2229.047852 1652.351562
2265.469727 1651.261108
2298.943359 1651.084106
2334.847168 1650.960083
2370.259766 1650.999268
2406.678955 1649.844482
2439.749268 1649.032715
2475.510742 1649.634155
2510.967041 1649.561157
2544.586670 1649.672363
2581.013428 1649.257202
2617.443848 1647.786255
2651.727539 1648.137451
2686.734131 1649.078735
2720.848389 1648.164917
2755.646240 1648.356934
2790.099121 1647.804321
2825.894775 1646.537720
2860.048584 1647.545288
2896.085205 1648.498901
1904.067383 1621.524902
1941.408813 1621.974854
1977.225220 1619.823242
2014.092407 1621.300659
2049.909180 1619.148926
2084.756592 1618.535400
2119.647949 1619.988647
2157.334229 1616.064941
2194.368652 1618.298950
2228.731689 1615.324097
2263.536377 1616.554077
2299.380615 1616.489502
2334.318115 1615.108887
2370.921387 1614.431396
2405.509277 1615.241577
2440.373047 1615.105347
2474.758545 1613.988525
2510.873535 1614.626099
2546.072754 1614.268555
2579.793945 1615.237061
2615.785889 1613.603149
2649.855713 1614.410034
2685.974854 1613.097412
2719.525391 1611.702637
2755.013428 1613.162109
2790.430420 1613.011108
2824.844971 1614.082031
2861.264404 1611.338013
2894.276367 1613.801392
1903.228394 1586.198242
1938.991943 1584.579956
1975.214478 1583.693115
2011.529175 1585.158081
2050.165039 1583.361572
2084.115479 1582.689331
2120.906494 1583.891724
2156.723389 1582.838623
2192.226562 1582.465942
2227.292969 1581.196533
2262.571289 1582.618652
2299.056641 1580.985962
2334.507812 1580.805786
2370.230469 1580.746094
2403.649658 1580.706665
2439.750000 1580.492920
2476.304443 1578.824707
2511.102051 1579.188599
2545.762207 1579.699219
2580.262207 1577.111694
2614.781250 1579.653320
2649.304199 1577.963135
2685.282959 1580.367432
2720.034180 1578.689575
2755.286377 1577.861450
2790.539062 1578.966553
2826.697266 1579.447754
2860.948486 1576.765137
2894.851562 1577.602173
1903.211670 1550.003174
1939.385620 1549.649658
1976.267212 1549.332886
2013.459106 1550.203735
2048.385498 1548.454468
2085.141846 1546.638306
2122.187256 1548.326172
2157.091553 1546.600952
2192.043701 1546.855591
2226.961182 1547.929565
2263.577637 1546.357300
2298.049561 1546.815918
2333.741699 1546.308228
2369.497070 1545.223389
2406.109863 1545.656372
2440.072998 1544.566162
2474.481201 1543.772705
2509.602539 1543.774536
2545.296143 1544.377563
2580.651611 1544.078247
2615.507568 1543.927124
2650.281494 1542.876709
2685.136719 1543.803955
2720.947510 1543.715332
2755.906006 1543.957153
2790.715820 1543.033081
2824.066650 1542.285400
2859.195312 1542.273438
2895.601807 1542.666138
1901.358765 1514.000854
1939.020996 1513.957642
1976.700562 1514.380005
2012.844604 1514.160034
2046.554565 1511.621460
2083.758545 1512.546143
2121.319580 1511.514282
2156.722168 1512.821777
2192.665527 1511.044556
2227.553955 1511.179443
2263.785156 1510.128296
2298.667236 1510.621826
2334.351074 1510.416260
2369.571045 1510.254517
2404.816650 1509.829712
2439.905273 1509.563599
2476.502197 1508.348267
2510.815674 1508.912231
2545.625244 1508.781006
2580.626221 1508.935425
2616.081543 1509.130249
2650.226562 1508.480957
2685.552490 1508.485474
2720.791992 1508.343628
2754.088867 1508.874023
2791.906738 1508.465210
2826.059814 1507.012939
2860.451660 1507.911621
2894.422607 1508.801147
1901.053955 1477.838013
1939.299561 1477.325562
1974.691895 1478.052246
2009.810181 1476.422607
2048.352539 1478.129272
2083.367432 1477.328491
2118.761230 1475.893188
2155.443359 1476.546387
2191.997559 1477.076660
2226.287109 1477.015869
2261.639648 1474.953491
2297.339600 1476.148315
2333.697266 1474.989868
2368.407471 1475.756104
2404.537354 1474.699951
2439.737061 1474.344482
2474.072998 1473.284546
2510.265137 1473.883545
2545.710693 1473.523560
2580.536621 1473.528931
2614.603760 1472.679932
2652.153564 1472.595215
2684.717773 1472.721558
2720.467773 1473.383789
2755.800293 1473.127563
2791.471680 1472.093018
2824.926514 1471.777222
2860.119629 1472.613525
2895.374756 1473.026733
1900.550903 1442.517700
1937.100220 1441.393555
1974.674194 1442.365479
2011.239380 1441.774536
2048.755615 1441.085205
2083.173096 1441.351440
2119.167969 1441.031982
2155.115723 1440.726440
2192.166260 1439.870972
2227.170410 1440.676270
2262.512207 1440.228149
2298.065430 1440.011108
2333.642334 1439.872559
2368.859863 1439.556030
2404.334717 1439.200439
2438.495117 1438.516724
2473.419189 1439.350098
2510.172852 1438.968384
2545.667480 1438.553345
2580.408447 1438.909546
2615.656738 1438.134766
2651.015381 1439.521362
2686.305908 1437.190918
2720.715820 1438.083496
2756.760254 1436.978027
2791.921875 1437.133423
2825.849121 1438.090942
2861.297607 1437.432251
2896.322510 1437.285278
1901.189697 1407.787842
1938.647217 1407.888672
1972.901367 1405.829590
2010.257812 1406.183960
2045.858276 1405.085205
2081.754150 1406.848267
2118.778564 1405.450195
2154.699463 1405.440796
2190.445557 1404.872314
2227.556641 1403.967896
2261.884521 1404.332031
2297.840820 1404.377930
2332.659180 1403.313721
2368.905762 1404.139648
2405.634521 1402.646118
2439.429688 1403.871704
2476.409668 1404.126343
2511.466797 1404.888428
2544.430420 1402.901123
2580.236328 1403.398315
2615.761719 1403.060913
2651.562500 1402.352905
2686.674561 1404.006592
2719.782471 1404.297607
2754.713135 1404.152344
2790.973145 1403.148804
2824.635498 1401.932495
2862.030029 1403.363525
2895.934326 1403.429565
