1899.160767 767.137695
1936.156372 768.000000
1972.527466 765.552490
2009.122070 764.422913
2046.104858 763.841736
2083.071289 762.298767
2120.027344 760.274963
2156.063965 760.164490
2193.488037 757.664795
2230.642822 757.234314
2265.693604 756.458130
2302.568115 756.862732
2339.013428 753.871887
2375.188721 753.044556
2409.659912 753.155273
2445.683105 752.083130
2482.086426 752.579407
2517.814697 750.365784
2553.298096 749.341919
2590.728760 747.526184
2624.433838 748.148743
2660.464844 747.076355
2696.038086 746.479614
2730.605225 744.911560
2765.792725 746.232971
2801.758545 743.718262
2837.845459 743.606934
2874.416504 743.500671
2909.062012 741.885132
1898.264648 731.114502
1935.657593 730.058777
1973.045288 728.523254
2009.480103 727.457703
2045.028320 726.709900
2082.975586 725.317810
2119.261230 723.785583
2156.648682 722.250061
2193.047363 721.611694
2229.059326 720.592773
2265.312744 719.653687
2302.394775 719.346191
2337.478760 717.921631
2373.405029 716.793396
2407.613525 716.587402
2445.353760 715.130737
2481.321777 714.059570
2517.290771 712.988525
2552.799072 712.391785
2588.329346 712.274109
2624.783203 711.208069
2659.818359 710.606079
2695.794189 709.535034
2732.229004 707.989258
2767.866211 709.788574
2801.877441 707.739136
2837.378662 706.662720
2872.839355 706.061340
2907.954102 705.463745
1898.219727 693.055847
1936.134521 692.726196
1972.973389 691.190186
2011.172852 688.783203
2048.065918 689.626526
2084.521729 688.976440
2119.915039 686.468384
2156.340576 685.906555
2192.950684 684.645935
2229.550049 683.757141
2264.989014 683.160522
2301.420654 681.562683
2337.926758 680.902283
2374.770752 678.704041
2409.578125 678.891357
2445.984131 678.304199
2481.416260 677.229553
2516.848877 676.154724
2553.241943 675.089844
2588.236084 674.965515
2624.152344 673.895630
2659.650146 673.249817
2695.529541 672.228760
2730.009766 671.144226
2764.607178 672.447937
2801.443848 670.432068
2836.482422 670.785461
2871.424072 669.227966
2906.975830 670.063904
1899.528442 656.232056
1936.112061 655.510620
1973.373047 653.504211
2010.773804 653.458862
2046.489258 651.382507
2083.741455 650.240723
2121.255127 648.288147
2156.899658 648.682922
2192.255371 647.133362
2229.082764 647.027527
2266.437744 644.578552
2301.758545 644.466797
2338.702393 642.722656
2372.974854 643.234497
2409.306396 642.171021
2445.638916 641.107483
2481.031982 640.510254
2516.887695 639.441528
2552.183350 638.637024
2588.162354 638.252014
2623.064453 637.173767
2659.446289 637.062317
2694.351562 635.983887
2731.607666 633.976929
2766.150146 635.274902
2798.254883 633.570801
2835.514648 633.589417
2872.343506 632.529846
2908.345703 633.842163
1900.755005 619.988647
1937.531128 618.426575
1973.785522 616.889526
2010.503418 615.794739
2046.472168 613.013794
2084.005859 613.716980
2120.713379 612.380066
2156.047607 611.113159
2192.825195 611.480103
2230.627441 608.914246
2265.816162 608.410522
2301.621094 607.818115
2338.341309 605.810974
2373.717285 606.638000
2408.573486 606.035950
2445.805420 604.983154
2481.126221 603.910767
2516.448242 602.838684
2552.267578 602.246033
2588.089111 601.653442
2624.171631 600.847351
2658.782959 600.458435
2694.568115 598.916321
2729.463623 598.788513
2766.206299 597.255615
2801.681152 599.031677
2836.116455 596.816772
2871.875488 596.882080
2906.734619 595.804626
1900.482544 582.072266
1936.562988 581.435974
1974.096924 579.933411
2009.937378 577.826233
2046.735107 579.133606
2083.699707 575.239258
2120.355957 575.667847
2158.008057 575.790466
2194.313232 574.524597
2230.667236 574.153992
2264.803223 571.436707
2301.519531 571.326782
2337.733398 570.265869
2372.501221 568.391663
2410.212646 569.562988
2445.444580 567.545654
2482.081055 566.110718
2516.783203 566.143494
2552.250000 565.762329
2587.538818 565.164734
2622.428223 565.704956
2658.578369 563.500732
2693.872314 562.902893
2729.646973 562.309753
2763.990234 561.702576
2799.792969 561.582581
2836.076660 561.467346
2870.427734 560.859985
2905.710693 559.788818
1901.756348 545.709351
1939.052368 542.421448
1975.530396 542.124878
2012.175171 542.485413
2047.836426 540.494507
2085.395020 538.731628
2120.923340 538.370789
2156.753906 537.302063
2192.200684 536.096375
2229.068848 535.654358
2264.566650 533.869568
2301.894043 534.954651
2337.113525 534.356873
2372.766357 532.348572
2409.432861 532.236572
2445.610840 531.648376
2480.361572 531.046021
2515.554932 529.504517
2551.298828 529.854797
2586.970459 528.318176
2622.245117 528.663818
2657.918457 527.126953
2692.745850 527.939575
2728.399170 525.930969
2764.119629 525.337524
2799.865967 525.216064
2834.209473 525.552124
2868.305664 524.464050
2905.193604 524.360413
1901.392822 508.422241
1937.942627 506.427673
1974.987549 505.848602
2012.010742 503.858826
2049.221191 502.317566
2085.710205 504.713135
2121.260254 502.103149
2157.818115 500.579041
2194.871094 499.188995
2230.019043 498.932098
2265.666016 498.809113
2302.226807 497.284698
2336.376465 497.993347
2372.583740 497.029602
2410.377930 494.169189
2444.792236 494.911560
2479.946045 493.843384
2517.004395 492.793671
2552.235352 493.606628
2587.831543 491.602173
2623.547363 492.419434
2658.667725 490.410461
2693.916260 491.223114
2728.583008 489.679840
2765.564209 488.797119
2799.010254 489.423767
2834.180176 488.355225
2869.827148 487.291016
2904.600342 487.628723
1901.260254 470.869324
1939.464966 468.657867
1975.359375 468.783173
2012.390625 466.353668
2048.378906 467.140869
2085.886963 467.483734
2121.394287 464.961182
2156.506348 463.948181
2192.593506 462.732208
2231.194824 461.712433
2265.620605 462.660126
2301.577393 461.485779
2338.166992 460.080719
2373.781738 460.424866
2408.419434 459.822205
2444.451172 458.295593
2480.517090 457.706604
2516.603516 457.586426
2551.249512 456.983398
2587.322998 456.394592
2622.428467 455.327545
2658.051514 455.202393
2692.706055 454.599518
2728.313965 454.005615
2763.900879 452.943024
2797.610352 452.330750
2833.297852 453.143188
2868.954834 452.057343
2904.007324 451.970184
1901.460205 433.873291
1938.859009 433.298370
1974.825317 431.775116
2011.295898 432.125702
2048.371582 430.421906
2084.530029 427.853424
2120.631104 428.035736
2158.052246 427.928131
2194.529785 427.811096
2229.953125 427.002747
2265.549316 425.689240
2302.036377 424.673950
2336.572266 423.567078
2373.537598 423.454346
2410.048584 423.804443
2444.291748 422.546143
2480.137207 421.673187
2515.675293 421.079071
2552.780029 418.928955
2586.757568 419.891357
2623.247314 417.596741
2658.462402 420.234863
2694.162842 417.250427
2727.570801 418.436340
2762.628662 417.370453
2799.110840 416.317963
2834.791260 418.060913
2868.830322 415.583344
2903.469971 415.447449
1902.463745 397.031525
1938.757446 396.467834
1975.697510 395.390076
2013.057007 395.746613
2049.134766 393.668060
2086.354248 391.663757
2122.219971 391.663116
2159.007568 390.242981
2194.016113 391.048676
2229.047119 390.588806
2265.931152 388.769958
2301.906982 388.716736
2338.769287 387.204651
2373.813477 388.003754
2407.868652 385.544678
2444.735596 385.884216
2480.215088 385.290100
2516.964111 383.362823
2551.158691 384.139099
2586.687256 383.973633
2621.702881 383.374878
2657.195068 382.780609
2692.356934 381.998749
2727.797607 382.006165
2762.285156 381.450073
2797.786621 380.855804
2832.075928 380.153595
2868.347168 380.128326
2903.407227 379.995392
1902.850342 360.503174
1940.222656 359.239746
1976.889038 357.518280
2012.609131 357.947723
2047.809204 356.543121
2086.532471 357.387177
2122.996582 354.671722
2159.172119 356.059937
2195.240723 353.311432
2230.483398 353.162659
2266.719727 353.665497
2302.250732 351.983215
2337.679688 351.853760
2373.097656 351.259644
2410.032715 349.186249
2444.869141 349.615723
2481.077637 347.471710
2515.719482 348.426819
2550.693604 348.292603
2586.548096 347.676666
2622.051514 347.572723
2656.542480 346.969177
2691.486572 345.905945
2727.400391 345.315796
2761.444580 345.123383
2797.412354 345.511017
2831.890869 344.442993
2867.391602 344.777588
2902.845947 344.182800
1902.517456 324.110352
1939.536255 323.171082
1976.484253 322.490540
2013.553101 320.196625
2048.463135 319.452087
2085.614746 320.212952
2121.159424 320.145508
2157.430908 318.634155
2193.393799 316.527496
2231.529053 316.086456
2265.233643 315.011658
2302.418213 314.389618
2337.966309 315.235168
2374.211670 313.366547
2409.156494 314.025604
2444.546387 313.919312
2480.095215 313.213318
2515.759033 312.734741
2550.678711 312.598724
2586.055664 312.004089
2620.982178 311.867889
2656.343506 310.810303
2691.726074 310.215668
2726.189209 310.075165
2761.618164 309.863098
2796.992432 309.348511
2831.142334 307.641571
2867.334473 308.617340
2902.260498 308.017944
1904.445190 288.537964
1938.748413 285.867950
1977.751953 284.480560
2013.097290 285.397186
2049.316895 284.350128
2086.207764 283.463745
2122.730225 283.649231
2157.588135 280.873596
2195.448486 281.058258
2230.442871 281.043213
2265.776855 280.365967
2301.576172 280.698883
2336.838867 278.719666
2372.297119 278.005920
2409.383545 278.932587
2444.663086 277.414948
2479.521973 277.277222
2514.855957 277.144012
2549.684570 276.083252
2585.062744 276.873077
2622.110596 274.237762
2655.714600 275.683350
2692.804932 273.400665
2726.825439 274.036133
2761.788086 275.272583
2796.597168 273.760559
2831.464111 273.161316
2866.830566 273.027588
2901.230713 272.423553
1903.520386 250.748322
1940.153320 250.166946
1976.781860 249.125519
2014.652588 247.558762
2050.058594 247.962769
2086.020752 247.520905
2122.298584 246.862335
2159.321777 244.888428
2194.303955 246.074997
2230.117432 245.051254
2266.360352 244.312347
2304.035645 243.263992
2338.850830 244.189362
2373.361328 243.126938
2407.689697 242.983459
2445.241699 240.836655
2478.279297 240.268494
2514.884277 241.186447
2550.594238 240.161057
2586.388184 240.950714
2621.598633 238.974991
2656.480225 240.216263
2689.895508 237.371536
2725.103760 238.088135
2760.472656 239.333878
2796.179932 237.822479
2831.015625 238.212616
2866.799072 237.552216
2901.172363 237.408386
1902.604248 213.541550
1939.196289 214.335510
1976.973511 213.263672
2014.281372 212.985138
2050.337646 212.144562
2086.453613 211.558548
2123.668945 209.612762
2158.233887 210.840302
2195.898438 208.566864
2230.917236 208.296265
2267.095459 209.544312
2301.791504 208.027802
2337.454834 207.437012
2374.045166 206.396255
2409.289307 207.177322
2444.021729 206.577759
2479.678467 205.528229
2514.939697 205.362106
2550.110596 204.796432
2585.361084 204.654938
2620.084717 204.060165
2656.762695 204.954803
2691.355713 201.896652
2726.176514 202.514740
2761.994141 203.522263
2795.787354 202.455048
2829.581787 201.387848
2864.911621 202.627472
2900.592285 201.577621
1904.511475 177.394867
1941.514771 178.188492
1977.552856 176.688019
2015.034790 177.485794
2050.138672 175.976395
2087.645752 173.777176
2121.694336 173.194489
2159.742676 172.864365
2193.931152 174.083496
2231.625488 171.935684
2266.358643 172.490280
2303.022217 170.917404
2337.739746 171.275467
2372.952881 171.150314
2408.069824 171.456467
2443.702881 170.370590
2479.777344 169.851532
2514.974854 169.634323
2550.078857 169.087814
2584.765381 168.488098
2620.432617 168.811432
2654.891602 168.234848
2689.841309 168.069046
2725.947266 167.482040
2760.647217 166.881989
2795.842285 166.743637
2831.016602 166.148041
2865.752441 166.980026
2900.509766 166.319794
1904.592285 141.758820
1941.052612 139.649200
1977.936646 140.640366
2014.152100 139.703430
2049.321533 140.634430
2086.648438 139.091812
2122.545410 139.030807
2158.969971 138.050385
2194.645996 137.803085
2230.742432 137.029953
2265.706299 136.808624
2301.563965 136.722168
2337.161377 135.837112
2373.577637 134.636673
2408.711914 135.408325
2443.367432 135.720261
2479.851074 134.681473
2514.929932 133.630142
2547.337646 134.159607
2584.718262 133.801880
2620.291504 133.210587
2656.295166 131.711273
2690.529297 132.474991
2724.725830 132.326538
2759.819092 131.274704
2795.428223 131.138824
2830.595703 131.454895
2865.267822 130.852844
2900.401367 130.714661
1904.130981 104.645119
1941.447998 105.284683
1977.845215 104.247887
2013.784424 103.660736
2050.860352 103.399223
2086.691406 103.289955
2121.973145 100.973877
2160.328369 101.099335
2194.954346 101.638390
2229.802002 102.521782
2265.943359 101.372581
2302.853027 101.247948
2337.415771 100.648056
2371.949951 99.139816
2407.322510 98.426025
2444.888184 99.790619
2478.125488 97.724976
2514.485352 98.140549
2550.895508 96.648346
2586.036133 98.324699
2620.297852 96.933487
2655.030273 96.791161
2690.258057 96.528496
2725.849609 97.299973
2758.623779 94.361687
2795.572998 94.960091
2829.659912 95.953568
2864.720215 95.355331
2899.382324 95.666107
1903.656494 68.219078
1942.131104 70.188362
1977.121704 69.314392
2014.109985 67.840698
2051.978760 66.549004
2086.632080 67.897400
2122.110107 67.732262
2157.624268 65.346748
2193.688965 66.972183
2231.346191 65.238808
2265.512451 66.435112
2303.408691 65.881676
2338.166260 64.826698
2374.584717 64.762566
2408.556885 64.070099
2442.685059 64.393600
2479.343506 62.992317
2514.246094 62.493095
2549.516602 62.622196
2584.976074 62.030243
2619.540527 61.864609
2655.194336 61.332821
2690.497559 61.605080
2724.588623 61.453659
2759.572510 60.404305
2794.626709 60.714252
2829.170410 60.113865
2864.233643 60.423481
2898.557373 59.128647
1905.371460 32.796940
1941.847046 32.848515
1978.426147 32.160023
2015.562378 30.682858
2049.814453 32.444344
2087.004395 31.379122
2122.114258 29.504898
2159.143311 30.534416
2193.757812 28.922033
2230.786377 29.911713
2265.604736 28.168245
2302.077637 29.288183
2338.110596 28.618864
2374.068848 27.163357
2408.760742 27.925245
2445.150879 29.147509
2479.146729 27.628359
2514.284424 27.305849
2549.467529 26.903332
2584.405273 26.306913
2619.830811 26.166405
2654.794434 26.021597
2689.315430 26.324600
2724.692871 25.722067
2759.660400 24.683952
2794.650879 25.175238
2829.094727 24.839504
2863.199463 24.237133
2899.094727 23.648815
