923.056580 743.651428
959.426331 743.066101
995.785645 742.960083
1031.762451 741.772888
1068.656372 741.647888
1104.908447 741.683472
1140.813477 741.093323
1177.477783 741.194458
1213.370117 741.919067
1249.484375 740.290588
1285.393188 740.179504
1321.784912 740.073364
1357.707031 739.482910
1393.147705 739.366882
1429.067139 739.735229
1466.622192 737.995972
1501.408569 739.038452
1536.864380 738.922180
1574.402100 739.755859
1609.224243 739.184570
1646.258667 739.982971
1680.164673 738.400818
1715.642456 739.795532
1752.076782 738.729980
1789.033325 738.617065
1824.709473 739.289246
1861.893799 738.415710
1896.935425 740.226135
1933.664185 740.998291
922.744446 705.938477
960.014160 705.737854
997.237854 706.072388
1032.632935 705.044312
1068.475220 704.453857
1105.275024 703.873169
1141.579956 704.242981
1176.934448 704.603149
1213.753296 703.544250
1249.835205 703.358582
1284.320923 703.238892
1322.088257 705.029968
1358.642456 701.178589
1393.034302 702.980042
1430.754395 701.419373
1464.773315 702.754395
1501.129272 702.168396
1538.058350 703.865234
1573.366943 702.425293
1608.836914 701.767090
1643.707886 701.228638
1680.794678 701.391479
1716.938477 702.451721
1752.362549 702.333862
1787.790161 702.215881
1824.183228 702.586121
1860.098022 702.473206
1895.960205 702.831116
1931.890869 703.243164
924.082947 670.025391
960.586426 669.004456
996.830811 668.895020
1032.692871 667.837952
1068.865601 668.194641
1106.243408 665.847961
1141.399902 667.022278
1177.667725 666.888733
1213.625244 666.424255
1249.726929 666.212036
1286.730713 667.658386
1321.798584 665.987488
1357.466187 665.486816
1393.281128 665.652588
1429.211792 665.376343
1465.036377 665.052551
1499.800293 663.983704
1536.674805 664.822937
1572.969971 664.749512
1608.257446 665.033020
1644.638794 664.483582
1679.998535 664.840637
1716.317017 664.730530
1753.407104 663.986511
1787.930298 665.004272
1823.870605 665.339661
1859.733032 665.701660
1895.116577 665.582153
1931.467041 665.948975
924.468872 633.442688
962.021179 633.196350
997.846008 631.330383
1033.559937 631.213989
1070.229858 631.107422
1105.486206 630.511292
1142.172852 629.929932
1177.868896 629.377502
1213.640381 629.222473
1249.843628 629.585815
1286.066284 628.999268
1321.325684 629.352844
1358.701416 627.697815
1393.643921 628.338074
1429.076904 628.497253
1465.291748 628.421875
1500.578857 627.825439
1536.817871 628.188782
1573.062500 628.552307
1608.359253 627.955688
1644.135620 628.314392
1679.916626 628.197876
1717.078003 626.624817
1751.491943 628.440002
1787.765503 628.803528
1823.085449 628.682251
1858.875488 628.568787
1895.215088 628.968201
1928.574829 629.499329
925.246155 595.054443
961.277527 594.931946
997.647705 594.972595
1031.338379 594.618835
1071.382324 595.088135
1105.069458 594.677429
1141.994019 593.241577
1176.936646 593.388794
1214.413818 592.498535
1250.767456 591.074219
1284.728882 591.092468
1321.818237 591.895813
1357.983521 591.782410
1392.729492 591.181213
1428.413330 592.483521
1465.073975 591.427795
1500.775757 591.782898
1537.032837 591.648621
1573.448120 592.121948
1609.444214 590.023071
1645.474365 592.357178
1680.311279 591.674988
1714.760010 589.226318
1751.295532 591.433655
1786.561768 592.257996
1822.775635 591.670654
1858.996582 591.557068
1894.755859 592.386414
1930.502808 591.794312
925.301819 558.656189
960.731140 556.997314
999.197144 556.680969
1034.493286 557.377075
1070.572388 557.262024
1106.180664 557.141968
1142.752197 556.559937
1178.367432 556.440125
1214.469604 555.853088
1250.084961 555.735107
1286.192383 555.618042
1321.822144 555.498047
1356.516479 554.424866
1393.092529 555.258179
1430.155029 555.624207
1466.021729 555.921204
1500.966064 554.981934
1536.152100 555.255188
1572.339111 554.636414
1608.502441 554.532837
1643.608765 554.427490
1679.751831 554.312317
1715.426270 555.136475
1751.100220 554.544556
1786.782593 554.896667
1822.484009 555.223267
1858.639526 555.605774
1895.543823 556.718628
1929.684082 555.532593
924.259460 520.537903
962.438110 521.333069
998.881104 520.687012
1035.907349 519.693848
1070.517334 520.041992
1106.542358 519.924988
1142.571411 519.808105
1178.573364 519.699646
1214.659058 519.013184
1250.689209 518.987000
1286.258789 518.865234
1321.757080 518.766357
1357.971802 518.637573
1394.877808 519.459656
1429.044434 518.853638
1465.201782 518.244995
1500.367798 517.680786
1536.325073 518.042664
1572.390137 517.859314
1607.976318 518.254395
1643.584229 518.132751
1679.195679 518.011047
1713.665894 516.955933
1750.680542 518.486633
1786.062500 519.057800
1821.990845 518.812439
1858.207520 518.285156
1893.916138 519.172668
1929.096558 519.379150
925.624023 485.267029
962.867554 484.314728
998.731079 484.364136
1034.770264 484.272858
1070.619385 483.714996
1107.110718 483.213440
1142.864380 483.177094
1180.294556 483.480927
1214.355347 482.466125
1250.337891 482.347412
1285.851440 482.223938
1322.323242 482.105255
1359.005249 480.905273
1393.343384 481.783569
1428.892944 481.270630
1466.274292 482.569916
1500.904053 481.501862
1536.442139 481.847534
1571.987305 481.254913
1608.815430 482.841858
1644.563965 480.418304
1679.114868 481.358246
1714.646973 481.618103
1750.713257 481.585052
1786.761353 482.404602
1821.855713 481.807343
1856.482300 481.674469
1892.557129 483.433136
1929.079956 482.380157
926.749146 448.309540
963.118713 448.193817
999.020508 448.073151
1035.409912 447.490112
1071.329590 446.902466
1107.241211 446.782104
1143.220337 446.693207
1179.157227 446.516998
1216.070312 447.435059
1251.398438 446.304901
1285.905029 443.571411
1323.013672 444.407684
1358.108032 445.486298
1394.198486 445.813446
1430.156494 444.290497
1464.799316 445.412720
1500.756104 445.333710
1536.107056 445.224304
1571.601196 445.187744
1607.253784 445.223450
1643.454956 444.968719
1678.416748 445.096191
1714.362427 445.213043
1750.121460 445.480164
1786.822876 447.211578
1821.079834 445.723846
1858.016235 445.144470
1894.034912 446.895203
1928.610962 446.292969
926.909546 411.912079
963.573364 411.511566
999.539978 411.124573
1035.399170 411.089050
1071.673096 410.760559
1107.588867 410.383179
1144.211060 408.531952
1178.829590 410.600250
1216.502075 408.765350
1250.567749 410.355927
1287.841553 408.424652
1321.175049 408.448456
1356.888428 409.942657
1394.099243 408.934814
1429.284790 408.954620
1464.047852 407.942291
1500.799805 408.711151
1536.257812 408.897919
1571.718872 408.811157
1607.636475 409.115143
1644.039795 407.523743
1678.483032 409.327240
1714.270630 409.054962
1749.386108 409.539642
1785.787842 409.421783
1821.244507 408.828491
1857.190186 409.638977
1892.872925 409.149017
1929.089233 410.327148
927.555908 376.135529
963.808899 375.049988
999.596802 374.925995
1035.400269 374.338013
1073.405029 374.918579
1107.935425 374.099121
1143.738037 373.975006
1180.649414 372.513733
1215.354248 373.727051
1252.280396 372.338806
1287.478027 372.090027
1322.279175 373.091125
1357.369507 371.690338
1393.556030 372.657867
1428.954712 370.226898
1466.323120 371.545837
1499.593628 371.308136
1537.365479 371.435425
1571.778320 372.468750
1608.269409 371.403351
1643.728271 373.789856
1678.875244 373.021362
1714.266235 372.428070
1749.664185 372.764496
1785.100586 373.062042
1820.948120 373.441376
1856.388550 373.306671
1892.297974 373.126007
1929.317627 375.002533
927.726990 338.538971
964.393921 338.422424
1000.124878 338.296814
1036.329712 338.175476
1071.609253 337.582520
1108.284058 337.452118
1144.037231 337.340027
1179.786377 337.214386
1216.303589 335.710266
1250.815430 334.690033
1287.799316 335.533081
1321.724243 335.474548
1359.120483 335.085114
1393.851562 336.452332
1429.427612 336.519257
1466.139893 337.353882
1501.479248 334.987091
1536.098511 336.187531
1574.039673 335.767639
1606.718872 337.072388
1642.990234 336.487854
1678.323120 336.357452
1713.188232 336.222748
1749.004517 337.023438
1783.386841 337.763702
1820.254028 337.142822
1855.781738 336.884613
1891.827026 336.979156
1927.665283 337.316864
928.823364 302.495148
964.494629 302.367981
1002.227234 303.485626
1037.256226 302.126495
1072.961304 301.076141
1108.448120 301.860046
1143.617310 299.822479
1180.479370 301.621490
1215.724243 300.566528
1251.284546 301.013672
1286.000977 299.537018
1323.992920 299.374664
1357.443848 299.175323
1393.839966 300.415588
1429.382935 300.374268
1465.934204 298.787170
1500.643066 300.364990
1535.715332 300.402679
1571.955444 299.744110
1607.949829 299.053986
1643.629761 301.624939
1677.936401 300.581421
1713.526733 300.606018
1748.836060 300.466827
1784.574829 300.808533
1819.868164 300.676605
1855.645264 301.473022
1889.995117 300.408295
1927.817749 303.299347
929.448059 266.559723
965.365601 265.723450
1001.152283 266.255524
1037.266357 265.261414
1073.349243 265.596649
1108.510620 265.463074
1145.487305 264.096497
1179.522339 263.351471
1216.360596 265.084351
1251.479980 264.475891
1286.421143 265.739624
1322.039062 263.074097
1359.287354 263.249817
1394.269287 264.498352
1428.583740 265.390015
1465.037109 264.228271
1501.718750 263.207001
1536.363770 263.913177
1571.571167 264.699860
1606.876831 264.285950
1642.391357 264.184937
1677.060791 262.437347
1713.392578 264.634735
1748.625122 264.961365
1784.341309 264.797577
1820.037476 264.703003
1855.754272 265.034271
1891.935303 264.448761
1927.678711 266.161835
929.149231 230.269211
965.175903 230.142761
1001.206604 230.016479
1037.708984 229.894470
1072.811401 229.759415
1110.371948 228.375488
1144.896606 229.132431
1180.177368 229.182831
1216.212769 228.541946
1252.812500 227.418884
1286.351318 227.295715
1322.574585 228.685440
1357.499512 229.630310
1393.815674 228.337631
1428.464355 227.087433
1463.921387 229.280701
1502.151245 229.216888
1536.012573 228.373657
1572.519775 229.285324
1608.051025 227.388290
1643.817871 229.490646
1677.673218 228.406250
1713.361938 228.692551
1749.719604 227.238373
1784.550903 228.513855
1819.321289 228.902649
1853.880615 227.814941
1891.063721 229.493942
1924.820801 228.230194
929.785217 194.102386
965.274963 194.426880
1000.992737 193.628937
1036.760376 194.166351
1074.586304 192.350311
1110.544556 193.871124
1144.270142 192.863266
1180.982666 193.087402
1217.507202 191.882339
1251.948853 192.754486
1288.717041 191.509735
1322.052246 191.288406
1359.791992 193.918228
1393.953247 192.400909
1430.479004 190.993164
1465.124023 192.679276
1501.466187 191.137985
1537.370972 193.444962
1570.010864 193.475220
1605.914917 193.422150
1643.251099 191.121948
1679.148804 193.448090
1713.111450 192.516281
1748.248291 193.349258
1783.847656 192.691513
1819.437866 193.084106
1855.042847 193.408920
1890.642456 192.818634
1925.318970 193.135178
929.953247 158.044983
965.447266 157.914215
1002.740845 156.882538
1038.613281 158.575439
1074.641113 158.828186
1109.334717 157.017929
1145.023071 157.261261
1182.106201 156.019989
1216.632446 156.961899
1253.035645 155.418945
1286.608398 155.359436
1324.435669 155.716156
1358.778564 156.654434
1395.187378 155.186035
1430.664307 157.637161
1464.861816 156.623016
1500.552612 156.797256
1537.196533 155.550690
1572.306274 155.662598
1607.818604 157.808594
1641.933105 156.751465
1676.140747 157.906281
1712.989746 156.480698
1749.343018 155.550034
1783.598145 157.576340
1818.734497 157.013138
1855.788086 158.679245
1889.765137 157.168869
1925.794678 157.565918
930.585876 122.105927
965.940918 121.503380
1001.760864 121.838791
1038.195923 121.249641
1074.992798 120.258972
1109.732910 121.328163
1145.211792 121.477432
1181.205811 120.725624
1217.940186 120.146065
1251.240845 119.649498
1287.001099 120.313858
1322.404785 121.995331
1357.855347 120.496017
1392.850464 119.634285
1428.170532 121.855812
1463.721313 119.629333
1501.731445 119.644867
1535.860962 120.925812
1571.162354 120.814400
1606.425415 120.854729
1641.963989 120.785957
1675.619019 120.203102
1712.416138 121.034912
1749.223022 122.144936
1783.278687 121.181870
1818.834229 121.001190
1854.327026 121.319893
1889.802734 121.850693
1925.794800 121.961777
930.287292 86.271011
965.635742 85.680870
1003.551575 86.751221
1038.629028 85.879242
1073.975586 85.741875
1110.577637 83.464470
1146.778198 86.074966
1180.968506 85.337372
1216.647949 85.116692
1253.487549 84.177101
1289.138428 86.575172
1322.077271 86.228195
1358.742432 85.048416
1395.386230 83.637871
1429.803223 85.077515
1463.554321 86.203575
1499.106567 83.850128
1535.847534 85.008415
1569.805786 83.889305
1606.510376 85.044449
1641.894165 85.368782
1675.474609 86.058929
1714.361694 85.916603
1748.146606 85.409279
1783.568359 84.818153
1818.537598 85.583176
1853.771729 85.983879
1889.884033 86.218773
1925.320190 85.627487
930.467407 50.101856
966.197571 50.418087
1002.421753 49.835880
1038.160889 50.152107
1075.781250 48.900589
1109.992920 49.544949
1145.711060 49.884483
1182.249756 50.852509
1216.511597 49.472542
1252.211914 49.286079
1286.846313 50.962433
1322.338623 48.051090
1358.775269 49.406418
1394.424072 49.489403
1430.985596 48.108948
1463.847046 48.000340
1501.595581 47.924961
1537.668823 50.113098
1571.171631 49.257149
1606.418091 49.372036
1641.871948 49.620159
1676.986816 49.722649
1712.307495 49.664463
1747.955200 49.202271
1783.311890 49.892582
1818.699951 49.375175
1854.131226 49.652061
1889.101685 50.237408
1924.858643 50.313118
930.825867 13.794508
967.247009 14.368611
1002.603943 13.642428
1038.481201 13.990064
1074.331299 13.958490
1109.570557 13.817485
1147.047241 14.849978
1181.427002 13.798972
1216.888794 13.551345
1252.230225 13.699623
1289.078613 14.880560
1323.312866 13.926091
1360.014648 15.065536
1393.925537 13.611020
1428.552246 12.635061
1463.604614 14.737737
1500.269409 13.454476
1534.379761 14.676079
1571.995117 15.077272
1605.014404 14.706328
1641.578857 13.652346
1676.951782 13.669538
1712.456055 13.250821
1747.302368 13.556139
1783.083008 13.869721
1818.355591 14.106273
1853.730957 14.488622
1889.992065 14.806503
1925.314453 15.817507
