0.177917 725.559937
36.337109 726.408997
71.614075 726.292603
107.895905 726.167480
144.591431 725.606079
178.464905 727.960205
216.036789 726.817139
250.829193 727.173889
287.966370 728.895874
323.739685 728.399902
360.187866 730.171814
396.624695 730.583130
431.519012 729.505188
467.361725 729.846497
503.527405 730.229858
540.732422 731.119995
576.051636 731.944885
610.918457 731.823669
647.618347 733.636658
684.399597 733.590515
720.185547 734.859985
758.858398 734.569763
794.429199 736.568604
828.184143 735.010132
865.378418 737.787109
903.090149 737.271484
939.860718 739.728271
976.063782 739.933411
1013.454163 741.098511
0.000000 689.118225
36.490242 689.169495
71.710915 689.051636
108.300171 689.900818
143.529785 689.782593
180.160843 690.155518
215.279343 690.364136
251.535751 690.882080
287.707001 691.250183
323.381012 692.090393
360.513458 690.770264
395.776917 692.350281
431.969696 692.718750
467.691437 693.082397
503.395508 693.922974
539.604919 694.291626
575.531250 694.886536
611.973389 695.215881
649.159058 696.838989
684.477173 696.244019
719.283752 696.598267
758.157837 698.482727
792.614075 698.569397
830.379395 698.684631
866.592957 700.486084
903.367676 699.905396
939.130066 702.119324
974.881958 703.500244
1010.647766 703.904602
1.007246 652.164062
35.758221 651.089722
71.680786 653.828674
109.265892 653.183472
144.101807 652.802307
180.530182 653.502869
216.187805 653.387817
252.417374 654.567627
288.420532 653.661926
324.062592 654.412537
359.652863 654.808105
397.263214 653.940308
433.159454 656.465759
467.575439 656.420654
504.777252 657.537292
540.536560 656.696045
575.881165 657.858337
611.148193 659.230164
647.878906 659.176636
684.219055 659.455322
721.062256 661.298584
756.000305 661.676025
792.584656 661.625488
830.222900 661.153809
864.879761 662.238892
901.631653 663.645630
939.666687 665.304626
976.397583 666.306335
1013.028748 666.885559
1.216030 615.163086
37.742992 615.055847
73.087746 616.205994
108.850784 615.768921
145.330719 616.608521
181.084274 615.744141
216.054382 616.370178
251.072693 618.143005
287.400940 617.155029
323.722412 617.923706
360.492554 617.408081
395.888092 618.173462
431.466614 619.004150
467.386414 619.545166
503.846771 619.803711
540.816956 621.790649
575.336731 620.921326
611.421692 621.757629
647.098145 621.166748
684.146912 622.486877
720.666931 622.706116
756.694824 623.787231
792.475525 624.522461
829.041870 625.358765
865.681152 626.205811
902.324097 626.098816
937.315979 628.083435
976.508545 628.586487
1011.854370 629.333984
1.358142 579.223511
37.355404 579.109314
73.356445 578.995789
108.857262 579.349304
145.897888 580.879578
181.013443 580.118225
217.342178 579.484192
254.878128 580.040466
288.310455 580.690308
322.685333 581.867432
359.992828 581.395996
395.444519 581.729065
431.939484 582.092407
467.559723 582.440857
503.500580 583.277344
540.252563 583.077454
575.592896 584.032227
612.426208 583.607117
648.203125 585.210388
685.089478 586.976013
720.263062 585.907654
756.297974 587.212219
792.343933 587.532776
829.375183 588.885986
865.472412 589.336060
902.137207 588.519470
938.198914 590.232056
974.227478 590.801331
1010.235840 591.293213
2.038199 542.458496
38.010658 541.872681
73.891052 542.697693
109.336327 543.047913
145.088730 543.228088
181.273972 544.292480
217.150223 543.642090
252.615677 543.992371
288.113464 543.872131
323.215088 543.265320
360.935333 545.062378
396.057190 544.923523
433.061646 544.466370
467.883301 546.118835
504.783997 545.447021
539.365845 546.824829
574.899597 546.704773
611.851807 547.876038
648.247070 548.843201
683.795837 548.723145
720.534485 548.042480
756.985657 551.194946
792.398865 550.834595
829.144226 551.933228
864.790405 551.925476
901.271973 553.229187
937.750916 553.341125
975.014160 555.687134
1011.766479 555.264954
2.247928 503.983826
38.095592 506.156891
74.401459 505.861511
109.844666 506.390808
145.796463 506.340881
180.667877 506.615936
217.488159 506.976807
253.293381 507.654572
288.784241 507.675903
324.230316 507.553894
361.565857 508.938507
396.028564 508.257751
432.015289 508.626556
467.824463 509.430939
503.452972 509.402649
540.117371 510.609406
576.598389 511.244812
611.444336 511.778900
647.588928 511.574951
683.484863 511.999268
719.873230 512.505920
756.741028 512.300781
792.202515 514.003784
828.570496 514.704468
865.232422 515.494934
901.488220 516.032532
938.237854 517.665405
974.399536 517.217590
1011.861511 518.789185
1.972755 469.263214
38.244503 469.616150
73.986282 469.953217
110.973511 470.597229
145.689865 470.193878
180.583694 469.930878
217.796494 470.895294
253.597076 471.406555
289.680695 469.968903
325.784485 472.020355
360.212646 471.812897
396.083344 471.693695
432.253693 472.515594
467.100922 472.363831
503.722992 473.341278
539.565125 473.566772
575.817444 474.378387
612.439392 475.379486
647.579102 475.076660
683.940125 475.430420
720.269897 476.720276
756.787964 477.192871
792.077271 477.419189
829.018616 478.697296
864.546631 478.780121
900.743591 479.413727
937.145325 479.768158
974.838440 480.988922
1009.952759 480.945465
3.124977 432.850250
38.830215 433.254730
74.105011 434.001923
110.825882 433.890167
146.139328 433.764709
181.897858 434.109894
217.190979 434.450714
253.901321 434.804962
290.043365 435.494293
325.048523 435.039032
360.323944 435.365875
396.113190 435.711487
431.931824 435.590515
466.707245 437.517944
505.117828 437.175110
537.378174 437.508057
575.540649 437.384552
611.881226 438.260834
648.141602 439.459625
683.255127 439.045197
720.665039 440.087952
754.749023 439.640137
792.430603 441.119965
827.833252 441.279785
864.112000 441.766266
900.542358 442.474945
936.483765 441.860016
973.385437 443.683289
1010.736084 445.069733
4.352861 396.004822
38.978474 397.349243
74.228058 397.221954
110.356430 397.171051
146.587311 397.450409
181.531158 397.279816
217.997086 398.134613
253.239883 398.472015
288.541656 397.880371
324.707153 398.691681
360.444611 399.009552
396.167694 399.376038
431.882812 399.547302
467.649200 400.060913
504.523041 398.477936
539.622131 400.750214
576.867126 400.071655
612.387146 402.251190
648.702271 401.197876
684.259705 403.302887
720.430298 402.130524
756.239258 404.459656
791.513550 404.100800
828.642395 404.959045
865.081238 404.553253
900.270996 405.615295
936.866699 406.099823
973.568176 407.207550
1009.552368 407.580109
3.405777 360.821045
39.594109 361.155823
74.757133 361.490021
110.893570 361.370178
146.564941 361.245697
182.680084 361.589050
217.890747 361.460114
253.988113 362.266785
289.180634 362.601227
325.292114 362.179688
360.545319 362.815948
396.246857 362.691803
432.421539 362.571808
467.614502 363.369873
504.510559 365.031555
540.146240 362.717438
575.541626 364.550842
611.781128 365.667633
647.376038 365.788147
683.684998 366.351013
719.428040 366.226837
755.609802 367.034698
792.007324 368.151489
827.571838 368.167023
864.452698 369.325500
900.434875 369.339691
937.374634 370.636505
972.439941 369.560028
1008.868103 369.965546
4.604398 325.201874
39.680248 322.970581
76.197693 323.449982
110.927277 325.280884
147.449371 325.625549
183.828781 325.856812
218.664810 325.834991
253.824661 325.704712
288.988098 325.574158
325.066101 325.914154
361.149628 326.254364
396.805084 326.643158
432.839630 327.392639
468.025421 327.262238
503.661072 327.598145
541.191162 328.611755
576.505249 327.450012
610.726990 328.131409
648.366638 328.264130
683.306458 329.754547
719.113770 330.264648
755.323120 330.621552
792.243042 330.095062
826.830017 330.527344
864.015564 332.384033
900.486694 334.036743
936.275452 333.376678
973.408875 334.736816
1008.816589 335.542511
3.902585 288.763580
39.949211 288.667053
75.467255 288.512177
110.991219 288.844604
146.490692 289.637390
183.018768 289.058014
218.557755 289.390442
254.127670 289.719238
289.677979 289.595428
324.763916 289.923706
360.790802 290.260742
397.364716 289.329926
434.105072 291.293579
468.168304 291.325653
504.713776 292.494354
540.720032 290.812714
575.378113 291.982910
611.374817 292.692566
647.220093 293.077545
684.083557 292.574371
719.011963 293.629364
755.022461 294.252350
792.009216 295.775513
828.257141 294.269714
863.513184 295.816315
898.651184 297.433167
937.229492 297.665741
973.094299 295.610352
1009.514465 298.402832
4.681909 252.419708
40.093102 252.324158
75.556313 252.653625
110.751999 252.224991
147.024536 252.786209
182.501541 252.728012
218.551514 253.146561
254.405701 253.395355
289.431641 253.720337
325.396881 254.054077
362.506073 253.051346
397.307281 255.622162
432.389709 255.047394
467.733246 254.217392
503.912079 255.168411
539.451355 255.581497
576.456543 255.127747
611.459534 256.249817
646.786438 256.950714
683.258789 256.850708
719.022827 257.560028
755.007751 258.052460
790.947510 258.635345
826.844543 258.666748
864.203064 258.125854
900.147278 261.483215
935.783081 260.680145
972.359436 261.009460
1008.430298 261.631165
4.363354 216.315353
40.205566 217.037567
76.141968 216.453384
111.556320 216.731598
147.437759 217.110153
182.423126 216.974594
219.727692 218.763351
254.261627 217.627213
290.118744 217.966248
326.720398 216.915085
360.998230 218.116028
396.511597 218.030228
432.879608 220.471283
468.340393 219.149673
504.628784 220.020828
538.879944 218.425308
575.925415 220.801559
610.025085 221.391541
646.754578 220.587494
681.938477 221.945297
718.745789 221.341782
754.849854 221.910919
791.855530 222.862091
826.776367 222.863571
862.535278 222.016541
899.877075 224.039551
936.355591 224.852020
971.651855 224.964264
1008.403809 225.104279
5.466251 181.085312
40.412590 180.492508
76.229645 180.819656
112.826340 181.899429
147.403839 181.000504
182.781586 181.793137
220.180420 180.390533
254.608551 181.028763
290.803619 182.323608
325.285828 182.182266
361.168579 182.053650
396.610046 182.424423
432.511810 182.681000
469.246399 183.423203
504.182587 183.359726
540.087402 183.231461
576.378357 184.932449
610.857971 183.883408
647.280579 184.666794
682.687744 184.581985
717.543213 186.612915
754.599304 185.653488
791.835388 184.633743
826.854248 186.382660
863.933716 185.387192
900.252686 188.398209
936.520203 186.790131
972.491882 189.093658
1008.319336 188.691299
4.270840 145.553070
40.123028 144.513962
78.074203 145.384628
111.757759 144.696289
148.052292 146.768890
182.789352 144.897461
219.034119 145.225769
254.549393 145.584473
290.231964 144.970688
325.940887 146.194290
362.245819 147.489441
396.642670 146.380081
432.038940 145.832748
467.331970 148.081070
504.518768 148.150497
539.550476 147.601517
576.448242 148.414978
612.148010 146.731689
646.947083 148.394974
682.810181 148.972565
718.559082 148.898331
754.351990 149.527481
791.556458 150.962997
826.718811 150.276321
863.758423 151.578094
898.778076 151.225494
935.852356 152.601974
971.635925 151.965240
1009.007751 153.140396
3.581541 109.587898
40.761681 108.657394
76.929649 108.982712
112.205490 108.846344
147.455597 109.163063
183.237732 109.029167
219.363251 109.809410
253.660721 109.037102
289.926147 109.990242
324.225616 109.775024
361.237885 110.499054
396.720093 110.496407
433.296234 109.575500
468.197784 110.756592
503.835297 111.435173
540.619263 112.074409
575.196289 111.959686
612.069275 112.746040
646.730347 112.272438
682.369812 112.275581
718.251160 112.931839
754.034485 113.707123
789.426270 112.663559
826.511414 114.001030
863.708069 113.424286
898.520752 114.521744
933.972290 116.232811
971.303223 115.657387
1007.731323 115.970802
4.829648 72.587761
41.728951 72.013809
76.120476 73.223351
111.370842 72.633537
146.969070 73.854652
184.420395 72.006706
220.808594 74.260139
254.906830 72.793060
290.376038 73.730339
325.416962 74.089546
361.917938 75.336441
396.875000 74.727127
432.532318 74.128395
468.662476 75.366196
504.475861 76.519196
539.455322 75.816315
575.072693 75.875992
611.084534 76.183128
646.701904 76.289421
682.323425 76.644173
719.310486 77.939323
754.048584 77.004692
791.559570 78.293411
826.263855 78.163155
862.444092 78.224480
898.619690 78.867516
935.625854 79.499146
971.006897 79.636505
1007.629150 79.730568
4.101060 38.024372
41.139984 36.823597
76.269112 37.134369
112.850410 36.556793
148.982300 36.491661
183.544464 39.767010
218.279984 37.488617
254.358444 37.807323
290.442230 38.126526
326.042480 38.304230
362.760590 37.532917
396.914490 38.660461
432.262360 39.048927
468.144226 38.830727
502.934631 39.103146
540.484070 40.431370
574.715271 39.737587
611.752502 40.868599
645.629456 39.462521
682.263000 40.320950
717.173340 42.152523
754.039246 41.306328
791.410828 40.483112
826.150391 41.596104
861.152344 41.366997
899.211121 43.358749
934.399658 42.916065
971.039978 42.784317
1007.274780 43.488842
5.302819 1.401288
41.211735 1.766280
76.386612 1.608414
113.282257 2.381213
149.004700 0.000000
183.514786 2.098708
218.714905 1.963323
254.747711 2.287651
289.788483 2.132100
325.822632 2.710996
361.010437 2.722072
397.233582 3.162443
432.098724 3.379654
467.712524 3.242285
503.307495 3.554215
539.211121 3.869782
574.706360 3.695386
610.606628 4.045170
647.185852 3.466934
682.748718 5.127090
718.962708 5.766488
754.074280 5.291237
790.073059 5.286939
826.227722 5.934933
861.771057 5.054521
899.349731 7.475077
934.631042 6.907420
970.698669 7.201001
1006.941650 7.209928
