30.109421 1403.681030
65.732933 1404.865234
100.567787 1404.764404
135.998398 1403.493286
171.696243 1405.747559
206.014389 1405.486084
241.138596 1407.243042
276.299866 1405.867065
310.775055 1407.289551
347.315033 1406.723633
381.821930 1408.612915
417.694977 1408.632446
451.782440 1409.362549
488.019867 1409.915405
521.971069 1410.686890
556.862305 1410.586548
593.314209 1413.094482
628.492249 1412.946411
663.447571 1413.893555
698.763000 1414.268188
734.487610 1415.322266
769.790649 1417.386230
804.872375 1417.534058
841.172180 1417.929932
877.155945 1418.338501
913.253052 1420.184814
948.413635 1418.960815
984.797729 1422.656494
1021.122009 1422.684082
30.773914 1368.765015
65.612831 1368.961304
101.306816 1369.861206
135.640152 1369.266968
170.930862 1370.208008
206.168991 1371.600708
241.168915 1370.029053
277.673584 1371.358521
312.128174 1370.745728
346.887695 1372.793579
381.479401 1372.684082
417.627045 1373.786743
451.887634 1373.436768
488.730774 1374.472046
523.028687 1374.357178
558.949829 1374.672363
592.746460 1376.074463
626.789490 1376.352173
664.328308 1377.914307
699.141174 1378.807983
734.879089 1378.014526
769.297485 1380.647217
805.114624 1381.024048
840.438599 1382.988892
876.656921 1382.927124
912.637268 1383.825317
948.484192 1385.275757
985.873474 1386.677856
1021.168335 1387.561401
30.765770 1333.268799
65.493118 1333.164673
100.648727 1334.072510
135.873367 1333.974365
170.932526 1334.729370
205.948517 1335.094360
241.515625 1335.950684
277.204407 1335.412231
312.394592 1337.166748
346.024506 1336.565308
382.792969 1337.427246
416.315552 1337.839844
450.804718 1339.108398
487.077087 1338.517944
522.380920 1339.241577
557.660828 1340.193604
593.819885 1339.745850
629.716553 1341.299683
663.368591 1341.409302
699.061218 1342.972900
735.833191 1342.891846
771.520935 1345.823730
807.025452 1345.838867
841.628418 1346.630981
875.906860 1348.538818
912.246582 1347.443726
949.497131 1348.881592
985.270996 1350.807251
1019.834961 1350.196655
31.296370 1296.939453
65.796394 1298.483398
100.908096 1298.375244
136.122925 1298.335327
171.282593 1298.685303
206.616470 1299.169067
241.588516 1299.488892
277.850006 1300.960083
311.847107 1301.197266
346.533569 1301.713257
379.392090 1301.626465
416.212036 1301.196777
452.898499 1301.964233
487.685699 1303.006470
522.336670 1302.919556
557.282837 1303.361572
592.868713 1305.011108
628.535706 1305.395630
664.787720 1305.632690
698.785217 1305.929932
735.726013 1307.256348
770.401672 1308.548950
806.098022 1309.962646
841.161255 1308.507568
878.021057 1312.293945
914.305969 1311.200317
948.380920 1312.572754
984.638367 1314.632690
1021.643677 1314.146729
30.442278 1263.180054
64.958176 1263.090698
100.241920 1263.789917
137.010147 1263.410034
171.432526 1264.098022
207.049347 1264.001831
241.665833 1264.395020
277.765015 1264.501831
312.404083 1264.697876
348.238220 1265.002808
381.459106 1265.266479
418.040253 1265.468872
452.883789 1266.793823
487.999451 1267.693481
522.471375 1268.115723
559.008667 1268.287964
594.321960 1270.270264
628.725159 1270.288086
663.715820 1271.192627
698.908142 1271.091309
734.029236 1272.993774
770.191040 1272.964111
805.184814 1272.552002
840.716309 1275.198730
879.201477 1275.721680
912.689087 1275.827271
949.585083 1276.446289
984.169861 1279.387207
1017.717529 1278.984009
31.463438 1227.754272
67.779564 1228.268555
104.286484 1227.517822
138.255646 1228.240845
172.630630 1228.238525
207.142792 1228.520874
242.258667 1228.910889
277.187958 1229.716431
313.232117 1229.414917
346.319061 1229.754395
381.832336 1230.418579
416.403168 1230.352539
452.188690 1231.279663
488.812561 1233.572021
523.644409 1231.457642
557.488403 1232.343994
594.895081 1233.559937
628.573547 1234.759888
664.729797 1234.075806
700.392578 1236.764282
734.667114 1236.760864
770.505127 1237.370239
805.170898 1237.261963
840.734192 1239.662720
877.363525 1239.576416
912.396790 1239.161499
948.923096 1240.978271
985.409363 1242.485840
1021.839966 1244.208618
32.818676 1192.443481
66.895935 1192.056519
101.885239 1192.404053
136.892914 1192.343750
171.452606 1191.645996
207.363647 1193.133789
240.782608 1193.089966
277.549225 1193.458862
312.403198 1194.267578
348.093414 1194.088745
383.438263 1194.112305
417.925110 1195.494507
451.554382 1195.739380
489.505127 1196.061768
523.067566 1197.116089
557.877563 1198.779419
592.574890 1198.946777
629.442017 1196.978516
664.234070 1197.663574
700.790833 1199.451538
735.201050 1200.979614
770.278259 1201.476196
807.381104 1201.355591
841.914795 1203.192261
878.540833 1205.195801
913.089355 1204.534790
948.323853 1204.701294
984.772827 1206.044922
1019.811340 1208.724243
32.383862 1157.048218
67.292763 1156.295044
102.188980 1157.179810
137.350861 1156.838135
171.544357 1157.859131
207.005173 1158.347534
243.762268 1157.622314
279.174286 1158.729858
312.237854 1160.521240
347.315948 1159.910645
382.955292 1159.923462
418.181549 1159.926880
453.192017 1161.113159
488.061554 1160.892944
522.554199 1162.228638
558.289734 1160.363403
594.609924 1161.800293
628.377991 1162.735840
664.328674 1163.514526
698.995056 1163.729126
734.313782 1166.158813
770.811890 1165.848511
806.161011 1166.450195
841.031250 1166.330566
876.742249 1169.180786
914.663269 1168.218628
949.187256 1170.094360
985.708618 1170.501709
1021.710510 1172.394531
33.766685 1121.923462
67.060562 1121.810425
103.247009 1122.101685
138.388565 1121.627319
172.724380 1121.829468
208.181107 1122.918457
242.601242 1122.576782
277.980530 1123.421387
312.874298 1123.431274
348.261627 1124.240723
383.046082 1124.500977
417.508362 1126.085571
453.249390 1125.232666
488.975922 1124.995483
523.496155 1126.089355
558.419739 1126.863770
594.019348 1127.071533
632.396240 1127.554932
665.118774 1127.747314
700.975037 1130.125000
735.269165 1129.731079
770.444641 1130.613037
806.386169 1131.291992
841.822571 1131.660767
877.793518 1132.589966
913.106506 1133.217651
949.221863 1134.290161
984.956848 1134.613037
1019.851501 1135.412354
31.787622 1085.870483
67.248169 1086.383423
102.843018 1086.461914
137.586594 1086.835449
172.587906 1086.729248
207.861038 1087.123413
242.250046 1087.008301
276.914764 1087.442993
312.935883 1088.262085
348.872925 1089.321777
383.377075 1088.911865
419.340393 1089.949341
453.283661 1090.309570
487.699524 1090.693481
524.734924 1089.750610
558.950500 1090.983398
593.995300 1091.407593
629.648132 1092.270508
663.323853 1093.403320
698.966003 1094.497559
735.397156 1093.863159
771.751831 1094.310547
807.597351 1096.186157
842.169861 1096.575562
878.424744 1097.459229
914.369629 1096.866455
950.218384 1099.731079
986.186401 1098.644531
1020.590942 1101.433228
33.718597 1050.965454
67.896233 1051.120850
103.459106 1051.328369
139.571442 1051.148438
173.258316 1051.288330
207.562286 1051.662964
243.832748 1051.567505
279.369476 1051.840698
313.376282 1053.310547
348.505493 1053.330322
383.506348 1053.584473
419.265625 1054.467163
452.710388 1053.466064
489.400452 1055.233032
524.267761 1055.124268
559.094788 1055.902466
594.110291 1056.523193
630.181396 1055.558716
664.921814 1057.088623
700.010498 1057.936768
735.236328 1058.902832
769.839111 1060.187744
806.355835 1060.136230
841.798157 1060.066772
877.120789 1061.930298
912.218811 1062.734741
948.520691 1061.752808
985.677063 1063.608887
1021.357849 1064.207886
33.337536 1016.015076
67.807007 1015.776245
103.010880 1016.158142
138.221054 1016.091064
173.916397 1016.927429
209.334824 1017.599426
242.963867 1016.758667
278.679962 1017.083435
312.947479 1017.455200
348.603668 1017.864868
384.766266 1017.824158
418.651306 1019.092468
452.963562 1018.974243
489.889709 1020.178101
523.968079 1019.744507
560.149475 1021.345642
593.456421 1021.534119
629.767944 1021.382935
665.130310 1021.695007
700.626892 1022.381287
735.822449 1023.403015
770.265503 1022.723999
806.577026 1025.030151
843.671814 1025.810303
878.255676 1026.042969
913.579102 1026.426270
949.868408 1027.244263
984.685303 1028.671631
1020.588684 1029.449097
33.053127 980.162964
69.430542 979.973572
103.126328 981.157166
138.593658 981.313477
173.699112 981.190063
209.727463 980.997314
243.554337 981.942810
278.276306 981.828186
313.429535 982.695923
348.240265 982.578613
383.319366 982.762451
417.905060 984.145020
453.797394 984.213196
489.056976 983.959167
525.065186 985.441589
559.380737 985.159119
594.511047 985.686768
630.678711 984.605225
664.985474 986.414551
701.237732 986.613159
735.499573 985.610596
770.076965 989.257690
807.947754 990.184937
843.156067 989.873474
878.285278 990.454102
914.144653 991.617920
949.866394 991.506714
986.742737 991.380615
1020.845459 991.410156
33.838516 945.380310
68.590889 945.412109
103.690025 945.787964
138.761581 945.620667
174.482315 944.906189
209.583527 947.413086
244.665054 945.924072
278.065338 946.000183
313.483124 947.059265
349.525452 947.973511
384.778381 947.149719
419.089722 947.994263
454.960297 949.548706
488.512848 947.915588
525.275085 950.301514
559.498840 950.180298
595.604248 949.435974
629.744629 950.774109
666.222961 950.551514
701.337708 953.031006
736.007202 952.264404
772.536682 951.972961
809.056396 952.907043
841.694153 952.910095
878.020813 954.597839
914.110596 955.203796
949.961365 956.312744
985.784058 957.051392
1021.843628 957.102417
33.459015 910.009216
68.500984 910.382141
103.547958 910.754761
139.763397 910.057556
173.611176 911.009705
209.228745 911.229675
242.908997 910.698792
277.981049 911.151672
313.806854 912.371033
349.505554 910.360535
384.195892 912.777222
418.836945 913.424500
453.838898 913.993591
490.099609 912.589355
523.775513 913.029419
558.981384 915.225342
594.740295 914.942261
630.821167 916.361877
665.387390 915.856873
699.395630 916.994324
735.514893 915.829651
771.767700 917.122375
805.385559 917.459839
843.558899 919.597412
879.261719 920.236816
914.380493 919.863953
951.505371 919.285278
984.524719 921.666199
1021.312927 922.461548
34.339111 874.298584
68.702744 875.158386
104.043495 875.073059
140.001923 876.300903
173.490433 875.514160
208.930206 876.455566
243.887299 876.194885
278.517639 875.249817
314.149567 877.239868
349.990417 877.842834
385.467041 878.804565
420.277557 878.627747
455.298828 877.437439
489.779205 878.425049
524.766968 878.821716
560.551941 880.213684
594.986023 879.779602
629.592224 879.449646
666.108765 879.070374
700.834778 880.713867
735.436951 882.676575
773.183472 880.959961
808.209595 883.269714
842.879211 883.202271
877.459045 884.665710
914.424316 884.361938
951.036743 885.263672
987.148193 884.674683
1023.668579 887.001648
33.895214 839.789185
69.311272 840.160522
105.105186 841.182434
138.731049 840.478027
174.171829 840.858276
209.900879 839.857971
244.286835 840.951660
280.651733 840.954529
314.056732 841.852661
349.352203 841.870911
384.301422 842.140747
420.159332 841.792114
455.443695 844.029968
490.722626 842.282776
524.982117 843.490479
561.129395 843.446350
596.144165 845.133301
630.257141 845.082825
665.658325 845.378723
701.394165 845.560059
736.487793 846.224915
771.825134 846.385803
807.503235 846.940430
843.093018 847.252686
878.702271 847.860596
913.202820 849.215454
950.639099 848.921814
985.247742 850.340881
1022.702881 849.677673
33.411888 804.587891
68.964478 804.922424
103.695976 804.838623
140.151749 806.187317
174.445755 805.575562
210.251678 806.589172
244.584137 806.054626
280.197418 806.973511
314.095581 806.600708
349.522522 806.917480
384.882263 807.061340
420.673462 808.172791
455.586853 806.938110
489.459290 808.072144
524.337463 809.329285
559.891602 808.830872
596.253357 808.227539
630.361938 809.388489
665.654114 810.044556
701.242798 810.266418
736.541870 810.761841
772.025452 811.087830
805.793945 812.139648
843.364014 812.022095
878.775574 812.430054
914.245239 813.281738
949.164978 814.249207
985.526062 812.982666
1023.106934 814.194702
34.145046 770.825867
70.317955 769.165344
104.964005 771.143372
139.352097 770.593262
174.229614 770.473938
208.633316 770.349609
245.407730 771.865417
280.579590 769.992065
314.415894 771.681458
349.334991 772.212585
385.743134 772.862854
419.562012 772.506653
455.692017 773.337524
489.772461 773.020813
526.057678 773.875732
561.013123 772.509338
595.734314 774.172607
631.545288 773.292419
665.957397 774.561768
701.375305 774.938171
736.785034 775.398804
770.757690 776.319458
808.701599 777.474121
842.109436 777.145996
879.213379 777.108765
914.855591 777.360046
950.945923 778.012634
986.697510 777.916748
1023.029419 778.914185
34.606071 735.092285
69.104103 735.356567
104.874695 735.245667
139.249680 734.641541
174.287201 735.120544
210.328094 736.696045
244.369675 735.882996
279.392914 736.038147
314.251373 735.960144
349.643524 736.345947
385.311920 735.696655
420.415222 738.998901
454.742676 737.635315
490.891815 738.625488
525.053284 737.937683
560.313904 738.316589
596.825806 737.909607
631.906677 739.705933
666.125732 739.218628
702.255188 740.528625
738.209961 739.119263
772.410461 740.230774
807.893188 740.709351
842.606445 740.106323
880.273438 740.707703
913.721497 741.034485
949.684082 743.107239
986.685669 743.346069
1023.060791 742.761108
33.905945 699.158020
69.553627 699.998779
104.289345 699.570312
140.393585 699.757751
175.176132 701.228943
209.477234 700.614685
244.280624 700.826782
280.419952 700.103088
315.546051 701.610962
350.523560 700.234680
385.796234 702.448853
419.916077 701.863403
454.865723 702.025879
491.033264 701.372620
525.104492 702.621155
560.677490 703.039246
595.711487 703.263062
630.219788 704.597046
666.371277 703.837952
702.731995 705.025391
736.979492 704.426147
771.483948 705.766052
808.149780 705.093323
844.913391 706.475525
880.294006 704.924988
916.512634 707.205688
951.897705 705.654968
987.612305 706.555725
1023.999939 706.390259
