1911.457764 1439.490234
1947.504395 1436.934082
1984.104004 1436.696045
2020.549316 1436.229248
2057.784424 1436.102783
2093.837646 1433.670288
2129.230225 1434.003662
2165.493408 1433.108154
2202.036133 1431.971313
2238.087646 1430.184082
2273.947021 1431.614014
2308.796875 1430.407227
2345.579590 1430.250244
2380.770508 1429.310181
2416.426270 1428.999634
2452.323486 1428.878052
2486.835938 1427.232788
2522.149170 1426.357910
2558.274902 1427.078003
2594.918457 1427.204590
2630.010010 1426.086426
2664.133301 1425.465820
2700.691895 1425.932007
2736.931641 1425.356567
2770.598145 1426.195312
2806.689941 1425.088623
2841.367676 1424.618164
2877.299072 1424.796875
2913.187988 1426.258057
1911.431641 1402.570801
1947.936646 1401.399780
1984.541870 1400.542480
2020.730591 1398.368896
2057.697021 1398.389648
2093.289062 1398.162231
2130.418945 1397.098999
2164.991455 1397.320923
2201.260742 1396.386719
2239.935303 1395.515991
2274.046631 1395.540405
2309.551025 1393.922363
2345.726807 1393.240234
2381.325928 1394.364868
2416.847900 1391.563110
2452.179443 1391.554321
2487.086426 1391.734741
2524.354736 1391.758911
2559.288818 1390.004883
2593.476562 1391.072876
2628.468018 1388.988770
2665.720703 1389.999756
2700.603516 1389.686646
2735.259277 1390.132935
2772.349854 1390.144165
2807.144287 1390.597412
2842.978271 1388.328247
2878.071289 1388.321899
2913.700928 1388.075195
1911.501587 1365.520264
1948.433228 1364.900757
1984.518311 1363.543457
2021.723633 1362.581543
2056.515869 1362.023193
2094.272217 1360.705444
2130.037598 1361.093262
2166.593018 1359.901978
2201.027100 1359.041748
2238.070557 1359.165771
2273.479004 1359.142212
2310.542236 1356.825195
2345.195312 1357.057617
2380.496582 1356.978516
2417.369873 1357.750122
2451.736328 1356.222778
2487.458740 1356.004883
2522.939697 1355.176880
2558.957520 1354.763672
2593.981689 1354.660400
2629.995850 1354.072021
2665.522461 1354.470825
2700.468262 1354.396729
2735.866455 1353.457520
2770.168945 1354.660889
2805.092041 1352.027222
2841.690918 1353.457153
2876.610840 1352.316772
2912.272217 1352.751709
1912.936890 1328.508423
1948.688232 1327.831055
1984.135742 1327.306641
2020.252319 1327.882812
2058.266113 1325.275635
2093.463379 1325.222534
2129.808594 1324.608398
2167.270020 1323.009888
2202.940918 1323.008667
2238.688721 1323.163086
2275.072754 1323.738037
2309.722412 1321.178467
2345.280518 1321.421753
2381.053467 1320.407837
2416.220947 1320.238037
2452.296875 1319.547852
2488.163330 1320.122192
2521.155762 1319.105225
2558.072021 1319.442383
2594.018799 1318.809692
2629.550781 1318.163696
2664.937988 1318.106445
2701.081299 1316.613037
2734.351562 1317.589844
2772.023438 1316.920776
2806.861572 1317.708374
2842.870117 1318.119141
2876.662598 1316.979370
2912.721191 1315.507935
1911.746460 1292.055908
1948.567993 1291.485107
1985.307617 1291.294800
2021.305298 1290.195435
2057.154785 1289.632080
2095.043945 1288.557861
2129.626709 1288.416870
2165.308594 1288.592041
2202.526855 1288.139404
2236.533936 1287.235840
2274.813232 1286.702148
2309.426514 1285.365112
2345.959229 1285.913940
2380.660889 1285.446289
2415.011719 1284.302979
2452.136230 1284.274292
2487.448730 1283.840210
2523.456543 1283.121094
2559.578369 1283.424194
2593.630859 1283.851685
2630.256104 1282.953979
2664.540039 1283.280396
2700.249023 1280.261963
2736.251465 1280.965088
2771.335205 1283.079102
2807.566650 1281.966919
2842.299561 1281.289429
2876.530029 1281.387329
2911.946777 1282.325684
1912.340576 1255.908203
1948.648560 1255.336060
1985.084961 1254.911133
2021.916626 1254.897095
2058.498779 1252.593506
2094.105225 1252.803833
2130.790283 1251.728271
2166.147461 1251.618408
2202.147949 1251.247681
2238.049072 1250.578491
2274.632812 1249.652100
2309.885498 1249.736206
2344.466797 1249.621338
2381.472656 1249.618896
2417.904785 1247.834106
2452.253418 1248.402100
2488.286133 1246.855103
2523.376221 1247.632812
2558.712891 1247.028687
2594.536377 1248.688477
2629.434814 1246.823120
2664.697510 1246.248901
2700.200195 1245.567261
2736.275391 1246.859863
2770.460449 1246.807495
2805.835449 1246.805176
2841.661865 1245.704712
2877.488281 1244.604004
2911.989990 1245.503662
1912.218750 1219.808716
1948.724609 1219.392456
1985.125366 1218.588135
2021.902710 1218.048218
2056.661377 1218.363770
2093.193604 1217.117798
2130.274658 1215.972412
2167.097168 1215.439697
2202.561035 1214.741089
2237.798828 1215.023071
2274.239746 1214.493530
2310.650146 1213.068237
2345.894287 1212.891357
2381.442627 1212.049438
2416.777344 1213.458008
2452.207275 1211.163574
2488.227783 1212.287354
2523.480225 1211.104126
2558.802246 1211.499512
2593.669434 1210.498047
2629.730957 1210.978149
2663.385010 1211.111694
2700.344727 1210.517944
2736.591797 1209.543457
2770.672119 1210.372559
2807.160889 1209.932861
2841.006592 1207.798096
2876.801758 1210.442627
2912.927979 1210.334473
1912.594604 1183.707275
1949.680176 1184.354248
1985.601562 1181.921509
2022.240967 1182.360596
2058.513672 1180.242432
2095.278320 1181.323242
2130.346436 1180.284424
2166.540283 1179.802979
2202.657471 1179.058838
2238.866211 1178.491821
2274.629883 1176.976929
2309.901367 1177.935547
2344.503174 1176.679199
2381.828613 1177.161011
2416.809326 1176.348999
2452.693359 1175.910889
2488.141602 1175.971191
2523.517822 1176.076660
2558.534180 1175.465454
2594.384033 1175.286133
2629.406982 1174.931519
2664.845215 1174.930908
2699.802490 1174.641357
2736.730469 1174.873535
2771.590820 1173.303589
2805.256836 1175.327026
2840.460449 1173.724976
2877.337402 1175.077148
2912.153320 1172.466309
1913.378052 1148.093994
1948.950684 1146.607910
1985.605713 1145.704956
2022.095337 1145.352783
2058.631836 1145.172607
2094.487793 1144.298462
2130.558594 1143.777222
2166.619873 1143.624146
2202.381836 1142.933105
2237.424561 1142.949097
2274.080811 1142.175415
2309.677734 1141.939575
2345.397217 1141.375244
2381.108887 1141.063232
2416.770264 1140.649658
2452.962891 1139.736572
2486.950195 1139.548462
2523.709961 1139.284058
2558.906738 1139.626709
2594.307861 1139.694092
2629.791016 1138.965332
2665.021240 1138.947144
2700.231689 1138.839600
2735.416504 1138.739624
2771.541260 1138.651489
2806.181641 1137.065430
2840.647461 1138.899658
2876.569824 1138.723267
2912.062744 1138.197510
1913.459595 1110.058716
1950.129028 1111.072632
1986.527710 1109.079224
2022.228760 1109.439453
2058.477295 1108.754028
2094.711914 1108.405884
2130.960205 1107.914185
2166.260498 1106.749390
2202.047607 1108.034790
2238.087158 1106.357788
2274.185791 1106.521851
2309.453125 1105.128052
2346.207764 1104.553223
2381.258545 1105.259155
2417.020752 1105.467163
2452.139648 1104.169922
2488.342285 1103.574219
2524.011963 1104.274292
2557.861084 1104.399658
2594.457520 1104.250366
2629.999268 1102.527222
2664.504150 1103.290039
2700.054199 1102.944458
2735.171875 1102.980469
2770.478516 1104.592896
2805.334961 1102.458252
2841.911621 1101.821167
2875.626221 1102.685303
2912.365723 1102.206787
1913.291260 1074.512573
1949.581909 1074.225830
1987.114258 1074.405884
2023.030151 1072.746216
2059.270996 1073.761353
2094.603516 1072.536865
2131.488281 1072.811523
2166.968750 1071.626343
2204.270508 1071.389038
2238.150391 1071.492065
2273.791992 1069.867432
2310.152832 1070.106567
2345.667725 1069.328247
2380.737549 1070.097290
2416.894043 1069.311157
2452.346436 1068.720947
2487.621582 1068.445312
2523.436523 1068.493774
2559.255371 1068.803833
2594.357422 1068.154663
2629.698242 1067.909302
2664.273926 1068.378906
2699.919678 1067.520264
2734.622559 1068.378662
2770.192627 1067.792603
2804.772705 1066.687744
2840.824951 1067.547363
2877.352051 1066.813721
2911.666748 1066.849854
1912.990845 1038.689209
1949.598877 1037.877319
1986.143799 1037.394775
2022.721436 1037.284424
2057.963379 1037.910278
2095.559082 1037.259888
2132.161865 1037.191162
2166.997559 1035.691284
2202.264160 1035.818237
2238.659668 1034.902954
2274.443604 1034.398804
2311.045166 1034.436646
2345.783203 1033.924194
2381.209229 1033.281006
2417.402832 1032.467407
2452.556885 1032.792236
2489.318359 1032.323364
2522.718262 1032.209473
2558.629150 1032.165405
2594.182617 1032.422974
2629.194824 1031.749023
2665.299805 1032.134399
2701.290527 1031.424927
2734.975830 1031.780273
2770.409668 1031.800781
2805.920654 1032.234375
2841.566895 1032.570679
2875.020752 1031.007568
2910.986816 1031.622314
1913.778442 1003.791504
1949.943359 1001.589355
1986.340820 1001.666016
2021.931641 1001.857666
2059.695557 1001.434509
2095.946289 999.645386
2131.642578 1000.586853
2166.122559 999.990601
2203.871094 999.816833
2237.627686 999.292236
2274.688232 998.311646
2310.217529 998.496216
2346.340576 998.651978
2381.435791 997.672546
2417.590820 998.265076
2451.442627 997.822205
2487.683105 997.151855
2523.458252 996.596252
2558.326904 995.828613
2593.625244 997.813599
2629.239746 996.111267
2665.657227 997.243225
2699.799561 996.729004
2734.229004 996.387390
2771.112793 995.922852
2807.170410 997.292419
2840.677002 996.179810
2877.207520 997.063599
2910.801758 995.476257
1913.644043 966.200195
1951.208740 966.291199
1986.783325 965.303162
2022.558594 964.815186
2058.801514 965.001587
2095.110596 964.345032
2131.976562 963.552612
2167.030762 963.790161
2202.700439 963.456360
2238.495361 962.726807
2274.604004 962.599976
2310.977783 963.195923
2345.425293 962.793213
2381.535400 961.900024
2417.126221 961.441895
2452.549561 961.577759
2488.876953 960.851257
2523.811768 961.627014
2557.732422 961.959290
2594.493652 962.186401
2629.592529 960.133972
2663.707764 960.655212
2699.917969 960.803284
2735.834717 961.242981
2770.403076 961.116943
2805.667480 960.780884
2839.789795 959.900269
2875.368652 960.292664
2911.264160 960.642456
1914.256104 930.691162
1950.749634 929.091187
1986.693848 929.295898
2023.804321 928.273621
2060.010254 929.194763
2094.012207 927.044556
2130.635986 927.366699
2167.178467 928.094666
2203.915527 928.223267
2238.565918 927.183594
2275.170410 927.557739
2310.122803 926.916260
2345.770020 926.841309
2381.599609 926.362427
2417.142334 926.128601
2451.458252 926.675232
2487.674805 925.642151
2523.329590 925.718201
2558.577881 925.428772
2593.693848 925.557983
2629.243896 925.590942
2665.097412 924.637695
2699.615234 925.088806
2734.781006 925.226624
2770.145508 925.059753
2805.525879 925.329163
2841.448242 926.032349
2875.627197 926.200378
2910.029785 924.818420
1913.663696 894.043274
1950.120728 893.478394
1986.553833 893.264648
2021.859131 894.143982
2058.442139 893.426331
2095.256104 892.489929
2130.717529 893.191772
2167.361816 891.897095
2203.052246 891.760864
2238.937500 891.596008
2274.811035 890.966248
2310.886475 891.357910
2345.204102 891.498291
2380.248291 889.940369
2416.516113 891.058167
2452.004395 889.583557
2487.999512 890.088379
2523.230225 890.091187
2559.470459 889.329529
2594.637695 889.487244
2628.413330 890.512390
2665.742920 888.777100
2700.673096 890.604553
2735.475830 889.511719
2770.607666 888.345154
2805.688232 889.765076
2842.847900 889.582458
2875.000488 890.981445
2911.675781 888.903809
1914.084961 858.070862
1950.292358 857.882568
1986.515503 857.139893
2023.624390 856.679260
2059.329346 856.874573
2095.233643 856.589417
2131.412598 856.563599
2167.278809 856.205933
2203.163086 855.756897
2239.929932 855.053406
2274.806885 855.355042
2309.692871 855.987000
2346.425049 856.702148
2381.857178 854.744263
2417.607178 856.000183
2451.660889 855.269592
2488.238770 854.808472
2523.308594 854.330994
2558.626465 854.484558
2593.935303 854.106750
2629.128418 854.393860
2664.011230 854.244263
2698.866943 853.166077
2735.909912 853.735413
2770.068115 854.373230
2805.874756 854.792664
2840.687744 854.130371
2875.785400 854.450928
2911.042725 854.191467
1914.510742 821.237488
1950.517578 821.667603
1986.977905 821.287720
2023.127686 821.126099
2059.380127 820.934448
2096.214355 821.337646
2131.571777 820.386658
2167.291260 820.346863
2203.339355 819.945801
2239.849609 820.448181
2274.782227 819.641479
2310.506348 819.755066
2345.812256 819.645935
2381.530029 819.417480
2417.212891 818.987366
2453.086182 819.795837
2486.835205 819.633179
2523.504150 819.270386
2558.509766 818.877441
2594.082764 818.740234
2629.475586 818.249939
2664.131592 818.829529
2700.349365 818.061035
2734.480469 817.982483
2771.138428 818.393433
2805.042236 818.760620
2840.481934 818.813660
2875.547852 819.195007
2910.765869 818.593445
1913.668213 785.781128
1951.177979 784.915771
1986.608521 785.294800
2022.810669 785.290161
2060.071045 785.661804
2095.731689 784.851746
2132.419678 785.275024
2167.602539 784.386780
2203.517334 784.626282
2238.367188 784.845520
2274.881592 784.094360
2310.223389 784.218872
2346.209229 783.858154
2380.913330 784.553894
2417.761719 784.740662
2453.028076 782.890320
2488.004639 783.551697
2523.139160 783.626587
2559.890869 782.133850
2593.953125 783.475464
2629.597168 784.197388
2664.501709 783.061707
2700.504639 784.047424
2734.857666 783.432007
2770.412109 783.216492
2806.197266 784.193054
2841.764160 782.149414
2876.069580 782.683167
2911.279297 783.830750
1913.207520 750.516235
1949.774780 748.981689
1986.823608 749.598267
2023.966187 750.114685
2059.305908 749.133606
2095.522705 748.970276
2131.225342 749.359192
2167.468262 748.546143
2203.379150 748.536987
2239.328857 748.679810
2274.479980 748.850098
2311.174316 749.219055
2345.961182 748.148743
2381.580322 748.116333
2417.155518 747.905762
2452.570557 748.173950
2488.051270 747.959106
2523.222900 747.771179
2558.611572 748.124451
2593.679688 747.774170
2629.078369 748.054504
2664.557129 747.890320
2700.133545 746.747253
2734.776611 748.514832
2770.021729 748.181274
2805.412842 748.145020
2839.463623 746.987488
2875.506592 748.458496
2910.129395 748.789917
1914.822144 712.599792
1950.727173 713.526794
1986.719971 713.334534
2023.028687 713.635620
2059.148926 713.055359
2095.443848 713.339294
2132.547852 713.870972
2167.423828 713.090881
2203.365723 712.870544
2239.893066 712.153320
2274.829590 712.639893
2310.451172 712.861755
2345.940674 712.689331
2380.976074 713.241821
2416.909424 712.521301
2452.661133 712.418274
2487.803467 712.325867
2523.339111 712.451294
2557.597412 711.919189
2593.389404 713.403320
2629.208740 712.659119
2665.187744 711.885010
2700.086670 713.322815
2734.608154 713.329285
2768.533691 712.188171
2805.082764 712.594177
2839.635254 712.005493
2875.910156 712.649475
2909.770264 712.369507
