17.366589 2049.592041
50.863453 2048.635010
84.839439 2049.933350
120.239883 2048.265381
155.385117 2049.879883
188.704651 2048.610352
223.509247 2047.993896
257.298798 2047.924805
292.790161 2047.927368
326.283051 2048.792236
361.657410 2047.114746
395.333252 2049.153320
428.359589 2046.171509
463.171753 2047.966064
497.313690 2048.545410
532.955750 2050.403320
567.378174 2047.644165
600.037903 2049.697998
633.048401 2048.563965
668.217346 2050.418457
703.540222 2049.408447
737.395752 2051.156006
771.810608 2050.426270
805.963745 2050.735352
840.796570 2051.570068
875.158203 2051.647461
910.420837 2052.317627
944.754150 2053.602783
978.146790 2053.560303
16.606859 2014.924561
51.550415 2014.410156
86.613708 2014.196655
119.171364 2015.715454
155.029358 2014.539795
189.212036 2013.956421
222.343018 2013.837280
257.278534 2014.549072
291.416870 2014.214722
326.094269 2014.123901
358.876404 2012.948853
395.137085 2015.872437
429.084015 2014.464600
464.201782 2015.785767
496.928589 2014.920654
531.264099 2014.719971
566.508179 2014.282837
600.517883 2014.998169
634.278564 2015.433716
667.458557 2016.926514
703.284729 2015.789795
737.526306 2016.559326
772.388306 2016.258911
806.657837 2016.572144
840.886963 2018.367188
875.646729 2017.478027
910.656006 2017.584106
945.705872 2019.589966
978.868042 2018.705078
16.272783 1980.430664
52.415237 1981.885864
86.917435 1981.670410
120.385536 1981.214478
155.572830 1981.426636
188.771057 1978.819824
223.330109 1980.361572
257.952728 1981.336670
292.772339 1981.520264
325.887970 1979.557983
360.099365 1980.770508
394.709534 1980.966309
429.076111 1980.349609
463.180450 1980.800293
498.069550 1981.794800
531.308960 1980.596924
565.120483 1979.970459
601.836060 1980.656006
635.649353 1980.867676
668.858765 1981.633667
702.004089 1982.780884
738.438416 1981.273315
772.159241 1982.200806
806.234802 1981.991211
842.647156 1984.006348
875.677124 1983.412476
910.687134 1983.951050
945.167908 1983.945312
979.347290 1985.411133
15.560202 1946.416992
50.606003 1947.393921
84.194504 1946.255615
120.410294 1946.166382
154.836151 1947.069336
188.553513 1946.563599
223.228775 1946.872070
256.030182 1945.971680
290.873047 1946.798584
327.009369 1946.614014
360.279205 1946.578491
395.886963 1946.964478
429.553009 1946.932251
463.453003 1947.613037
497.137878 1945.715332
531.697388 1947.017944
566.002563 1947.447388
600.127869 1946.993286
633.542053 1945.824585
668.636780 1947.861450
703.698914 1947.456665
737.878784 1947.787720
772.783020 1948.548462
806.973206 1948.376587
840.802124 1949.365601
875.707520 1949.441284
911.361145 1948.933716
945.101379 1950.275146
979.843079 1950.272827
17.308155 1912.070801
52.956078 1912.899658
85.149803 1912.810547
118.986473 1912.826904
154.745773 1913.937378
188.930969 1913.005249
223.577332 1913.696777
257.286346 1912.426270
291.650024 1912.174683
326.761383 1911.197144
359.515411 1912.716064
393.850311 1912.581909
428.450989 1912.004761
463.370422 1911.888428
498.525421 1913.106812
531.550476 1912.745605
566.089355 1912.738525
600.661072 1913.079834
634.799805 1913.022949
670.417114 1912.820801
703.544128 1913.319214
738.223022 1913.820068
773.383606 1915.415283
807.280823 1912.255249
841.447510 1914.959351
876.242188 1915.586670
911.189575 1915.428833
945.564331 1915.854248
980.399963 1916.420776
16.905851 1878.407349
50.201519 1879.072632
84.970207 1876.447021
120.123833 1879.475708
153.423309 1880.000610
187.573349 1878.894043
223.385483 1878.043457
256.116974 1879.232178
291.879486 1877.383911
326.601257 1879.304321
360.309174 1877.913086
394.486145 1878.144165
429.365082 1877.020874
461.896240 1879.194458
497.453125 1878.508545
531.790405 1878.265137
566.117981 1878.912598
600.671265 1878.837280
635.103882 1876.732300
669.230591 1879.134277
703.541748 1879.610840
738.278931 1879.807617
772.471802 1880.033813
807.301697 1880.111206
841.696899 1880.822021
876.786926 1882.378906
911.535767 1881.281860
945.797729 1881.756470
980.894714 1880.832275
15.196883 1845.170288
49.331211 1845.090210
84.358917 1844.832520
118.560905 1844.356934
153.231003 1844.049683
188.712646 1843.805664
222.096313 1844.091064
256.851532 1843.432251
291.074249 1843.696289
326.385071 1843.417236
360.016479 1843.781738
394.991089 1843.476196
430.034851 1844.953125
463.068878 1843.962280
497.187408 1844.164917
531.771301 1843.851440
565.468872 1843.297485
601.455017 1843.900146
634.297729 1843.687256
669.897339 1844.391968
703.958069 1844.895874
738.886719 1844.105347
772.879028 1845.654175
807.755554 1846.182373
841.746155 1844.578857
877.046448 1846.605591
912.473022 1848.155151
946.799377 1846.255127
981.207764 1847.522339
15.907016 1811.616821
51.604374 1811.069580
85.919655 1810.145142
118.907837 1810.166138
153.401794 1810.415039
188.364044 1811.073975
222.076477 1809.945557
255.996994 1809.900146
291.020203 1809.825317
324.512054 1809.228149
359.840118 1809.624390
394.044556 1809.712402
429.776184 1809.135742
463.739044 1808.824707
498.196655 1809.280640
532.620972 1811.198486
566.106323 1810.074463
600.866150 1810.496582
635.895996 1809.965576
671.035156 1809.313477
704.058716 1810.748413
738.521545 1811.233765
774.008850 1810.768799
806.914795 1810.458618
841.917664 1811.443481
877.779358 1813.110229
912.836365 1812.123901
947.534668 1813.731201
980.502686 1814.486816
14.338860 1776.945190
48.538853 1776.592529
83.444244 1776.896240
118.402206 1776.247559
154.031952 1777.045044
188.264221 1775.166504
223.436584 1776.511353
256.617371 1775.629883
291.693848 1776.309937
325.868317 1774.828491
359.074829 1774.330566
394.013458 1775.526733
428.903564 1778.436646
463.475494 1774.526733
497.165955 1775.805176
532.602173 1776.723022
566.575073 1775.576904
600.688904 1776.095093
635.093750 1776.265137
669.692017 1776.460205
703.693481 1775.535522
739.993286 1776.234863
773.063110 1775.966919
808.270630 1777.081177
841.910400 1776.672974
877.738464 1778.137695
911.426819 1777.086060
946.828735 1778.666016
981.829163 1779.096802
13.958678 1742.578003
47.864872 1741.147827
83.794167 1742.557007
117.959938 1742.382324
152.449539 1742.411255
186.855453 1741.172241
222.061844 1740.897583
256.312469 1741.556030
290.719177 1741.601562
325.127014 1741.300537
359.855835 1741.503662
395.278076 1740.595093
428.678864 1738.928101
463.126801 1741.415771
498.171143 1740.847656
532.682312 1742.740723
567.158264 1740.707275
600.389587 1739.798096
635.288269 1741.895630
670.530029 1742.843750
705.154602 1741.403687
739.969482 1743.544067
773.537659 1742.667969
808.225281 1743.061401
843.340515 1742.455688
878.530701 1744.500244
913.043091 1742.877075
947.359985 1744.294067
983.341858 1744.005615
12.173246 1709.876709
47.579212 1707.714844
81.759850 1709.172729
117.673653 1707.491943
150.515320 1707.176392
187.311966 1706.212524
219.914017 1706.769165
255.993500 1707.325806
291.042297 1708.351807
325.612457 1706.136597
358.868286 1706.060547
394.299408 1706.328735
429.774048 1707.804321
462.241760 1707.915649
497.039917 1704.920654
532.414978 1706.391846
566.734375 1707.343628
600.724609 1707.522705
635.910095 1708.741455
670.647156 1707.297119
704.488159 1707.884155
739.738342 1706.996704
773.778137 1708.519409
809.291931 1707.516724
841.681702 1710.180420
877.908691 1709.274048
912.933472 1709.527344
948.036316 1708.412231
982.755432 1709.971802
14.011953 1674.635498
47.530048 1673.599243
82.913055 1674.451050
118.103981 1674.068237
152.570847 1672.882568
187.763611 1674.127197
221.504410 1673.568604
257.029938 1673.404297
290.193329 1672.995361
326.225037 1673.300537
359.835754 1672.236328
394.577393 1673.973877
428.859955 1672.108643
463.492493 1673.924438
497.522675 1672.763916
532.807129 1673.916504
566.279541 1673.482910
600.516663 1671.801025
635.606384 1673.394043
670.037537 1673.335938
705.199036 1672.443359
739.701965 1674.398926
774.996399 1673.415771
808.579041 1674.224121
843.371399 1674.354248
878.809937 1675.373657
913.123047 1674.790527
948.228821 1675.426392
984.019897 1676.619873
12.768184 1639.155029
47.571205 1639.819458
82.311211 1639.242920
117.591095 1638.630249
152.509827 1639.941528
186.267395 1638.224487
221.592422 1639.937866
255.047394 1638.692017
291.008759 1639.777954
324.805115 1638.565918
358.945404 1638.320557
394.547302 1637.595093
428.289307 1638.431885
463.796967 1637.382812
497.103729 1638.589478
532.716370 1637.720825
565.537781 1639.447021
601.770020 1637.897705
636.516052 1639.827393
670.187439 1639.013672
704.853088 1638.839722
740.486816 1638.735718
774.822571 1640.186646
809.526062 1638.839111
843.954651 1640.428833
879.364380 1639.508301
912.637329 1639.474609
949.129700 1640.121826
982.650146 1640.159058
13.778019 1604.447876
47.251328 1604.766235
81.656075 1604.737427
116.325569 1604.852661
148.989655 1604.983521
187.712387 1605.022949
221.575058 1603.925537
256.432831 1604.924561
290.868744 1603.570435
324.417572 1604.003418
360.040375 1603.214233
394.421692 1605.178467
428.990479 1603.089111
462.846375 1604.003540
498.529968 1603.447144
532.659729 1604.772461
567.168640 1603.707886
601.230530 1604.297363
635.478333 1604.661377
670.258850 1604.442139
705.647949 1604.088135
740.364258 1605.817261
775.032837 1604.055420
810.068420 1606.184814
844.685181 1604.924438
878.763916 1605.428711
913.980591 1605.714966
948.843323 1606.016724
984.661133 1605.758667
12.645502 1571.686401
47.406269 1570.602783
82.712181 1571.187866
116.258064 1570.167358
153.111023 1570.450317
185.422745 1569.952881
221.074066 1568.856201
255.776886 1568.951172
289.583801 1569.789185
325.238403 1568.995972
360.049377 1570.657104
394.013763 1568.287109
429.106049 1570.448730
464.220917 1569.069092
498.374817 1570.363159
532.694397 1568.596558
566.648926 1569.853882
601.955383 1568.907349
635.762024 1569.631958
671.352112 1569.116455
706.294250 1570.997803
740.262634 1570.227661
774.085632 1570.052856
810.052917 1569.751831
844.494934 1571.124878
879.430237 1570.895752
914.114624 1571.407104
948.960205 1571.828857
984.299011 1571.879761
10.737055 1536.066650
46.376816 1536.006470
80.906891 1535.905884
116.599876 1536.883789
151.092133 1534.724731
185.255966 1535.405029
220.899689 1534.244263
255.639526 1534.403931
290.646301 1534.732910
323.110107 1534.271240
359.536316 1534.605957
394.672211 1535.766113
428.657867 1534.210205
462.842621 1535.032715
497.137787 1535.099854
533.071289 1535.943359
567.344360 1534.610962
601.248901 1535.117065
636.529785 1534.786133
670.430786 1535.078369
706.025391 1534.848389
740.219177 1535.892700
775.682861 1535.100830
809.383667 1535.775024
845.497864 1535.309937
878.795166 1535.690918
915.114563 1535.961182
949.567993 1536.885132
984.594238 1537.363037
10.724084 1501.331421
45.200920 1501.229248
80.428741 1501.439941
115.895691 1499.441040
150.209091 1500.938721
186.268921 1500.412964
219.576218 1501.253052
255.490784 1500.076782
289.294037 1500.552246
323.868225 1500.883057
360.091553 1501.334961
394.002411 1499.864136
428.044556 1500.286743
463.023468 1499.785767
497.203186 1500.470825
532.574890 1499.610840
565.925537 1499.919067
601.925171 1500.143066
635.933716 1500.785889
670.770020 1500.907959
706.300110 1502.044312
740.911926 1500.522461
775.217590 1501.316162
811.102722 1500.787354
844.954773 1501.504761
880.832458 1500.942627
915.148621 1501.820801
949.788452 1502.239014
985.579712 1502.485596
10.573215 1466.392456
45.018147 1466.638672
80.614235 1465.539551
115.669380 1467.499878
150.235947 1465.803589
185.820129 1466.937744
220.331558 1465.692505
254.155823 1465.997925
289.562531 1465.471924
323.879517 1466.138062
359.244507 1465.400879
394.116150 1466.670654
427.703583 1465.990967
461.785248 1465.211792
497.187988 1466.079224
532.752747 1466.488525
566.889465 1465.974731
602.352234 1466.886475
636.849609 1465.554565
670.867676 1466.060059
706.335388 1465.723633
741.325806 1467.282349
776.275940 1465.773315
810.666504 1466.846924
846.254822 1466.050537
879.771301 1466.055054
915.379517 1467.309692
950.433411 1467.078369
985.578430 1467.699951
8.931937 1432.159302
45.050304 1432.032715
76.889320 1431.663086
113.867439 1432.339233
149.251083 1431.569580
184.168121 1431.658569
220.306656 1432.173828
254.582352 1430.837280
288.620056 1430.948975
324.251190 1430.708008
358.169128 1431.347046
393.440430 1430.038452
428.044861 1431.353516
462.927338 1430.590332
497.322144 1431.298950
532.645203 1430.557983
566.722351 1431.512207
602.205139 1430.704712
635.070374 1432.811279
671.847595 1431.006836
706.110840 1431.750366
740.883057 1431.777588
775.501526 1431.600342
811.387817 1431.200562
846.504089 1432.952515
880.979004 1432.250000
915.755554 1432.323120
950.991638 1432.527832
987.005920 1433.573364
8.834995 1397.621460
43.876419 1396.985474
79.495117 1395.892700
113.790695 1397.324219
150.027893 1398.251831
183.716995 1396.724976
219.640747 1395.894653
255.053864 1397.104858
289.385498 1397.848145
324.286316 1397.308838
359.549133 1398.157715
393.509399 1397.536621
427.725098 1396.479980
463.158325 1397.227905
497.150452 1396.657227
532.944885 1397.434204
567.376160 1395.787354
602.512390 1397.343628
637.024353 1396.242065
671.994202 1397.902954
706.850037 1396.060181
741.260254 1397.183594
775.918396 1397.199707
811.179260 1397.299561
846.184021 1397.325806
881.468140 1397.568237
917.133057 1396.559326
951.502625 1397.664429
987.342407 1397.250366
8.044122 1361.522461
43.519588 1362.625244
79.355919 1362.879639
113.210403 1362.745117
148.578964 1362.200439
183.875748 1361.184814
217.706711 1360.803955
252.698517 1361.533936
288.787964 1363.353027
323.570465 1361.272095
357.003937 1362.739380
393.516327 1361.235229
428.437378 1362.633057
462.428864 1361.873169
496.937286 1361.522583
532.620483 1360.794189
566.516541 1361.474121
602.245056 1361.259888
636.636353 1361.914307
672.109436 1361.277222
706.279724 1362.130737
742.129822 1361.257202
776.313538 1362.142944
812.404480 1361.492920
846.164429 1362.126709
881.687317 1362.452148
916.092224 1361.798340
952.097656 1362.606812
988.315186 1363.592163
