946.413147 1423.244873
981.845703 1423.658203
1016.981201 1422.726196
1053.267090 1422.460449
1089.034790 1422.156982
1123.759644 1420.773926
1160.159912 1421.168213
1195.267090 1420.229004
1229.804077 1420.319092
1266.550537 1419.907959
1301.838257 1419.607422
1337.286865 1419.615723
1373.027466 1419.079224
1407.099731 1419.365845
1443.506104 1419.392212
1479.982788 1419.817017
1514.453003 1418.945923
1549.017456 1418.621582
1585.471436 1418.924072
1621.011963 1418.411987
1657.016479 1418.323364
1691.567871 1417.647949
1727.557251 1418.128296
1762.346436 1418.479370
1798.609131 1418.447388
1834.650635 1420.390747
1870.162354 1417.755981
1903.784302 1418.741455
1939.778809 1419.073853
945.861084 1387.192871
982.837219 1386.663208
1016.763489 1386.518433
1053.633667 1386.471436
1088.557129 1385.863647
1124.465576 1385.267334
1161.330444 1386.200684
1196.781372 1384.080200
1230.261719 1384.894165
1266.117676 1385.389282
1303.407349 1384.354248
1337.055786 1383.568848
1374.376221 1384.617676
1408.098633 1383.645142
1445.250366 1384.425415
1478.342529 1382.986206
1514.465210 1382.604614
1549.126953 1384.108643
1584.582764 1382.493652
1620.603516 1383.485107
1657.467773 1383.843140
1691.944092 1382.722656
1726.555054 1381.872437
1762.880371 1382.530273
1797.864868 1382.934814
1832.770020 1383.838257
1868.418579 1382.549927
1904.315918 1383.152832
1938.910767 1383.046143
945.486572 1351.863281
982.313293 1351.278198
1016.765991 1350.733521
1053.082275 1350.991699
1088.413818 1351.031616
1124.704102 1350.394409
1159.571167 1350.291016
1194.680908 1349.224365
1232.295898 1348.099609
1267.155884 1349.005493
1301.850586 1348.352417
1337.375854 1347.773926
1372.325439 1347.684082
1409.158569 1348.115112
1444.060059 1347.002319
1479.932617 1347.919434
1515.823486 1346.313232
1548.484741 1347.506836
1585.138428 1347.109985
1622.015503 1348.543579
1655.720337 1347.410034
1690.208740 1347.130981
1726.774292 1347.728027
1761.203003 1346.608887
1796.145996 1348.525513
1833.537109 1347.945190
1869.444580 1346.337891
1903.909180 1347.743774
1939.353516 1348.150879
946.963623 1317.108032
981.804443 1315.494019
1016.631470 1314.383057
1052.103271 1314.374512
1087.178589 1314.659668
1124.984009 1313.609863
1159.951050 1313.444336
1196.094971 1312.913574
1230.938843 1312.757446
1267.715698 1311.719727
1302.191406 1312.333618
1338.848511 1311.023193
1374.144897 1313.439575
1408.507690 1311.819092
1443.824585 1311.682373
1477.921387 1311.426025
1514.022705 1311.514771
1549.855713 1311.420776
1585.692139 1311.830200
1620.551636 1311.724976
1655.450562 1311.117676
1691.753052 1311.028076
1727.117920 1311.935181
1762.480957 1311.332275
1798.351807 1312.748901
1832.719360 1312.436279
1867.609985 1310.518677
1903.497925 1311.935181
1940.370605 1312.859863
946.064270 1282.221436
980.821167 1279.309326
1016.567871 1279.456543
1052.248657 1278.736816
1088.658447 1278.862915
1123.713013 1278.420044
1159.917358 1278.391968
1195.557251 1276.983154
1229.073608 1277.057739
1266.390503 1276.609619
1301.829834 1277.009766
1337.266846 1276.337646
1372.573486 1276.736938
1407.854004 1276.134155
1444.113037 1276.043945
1479.392456 1276.444580
1512.257324 1275.650269
1549.971924 1275.740234
1585.755493 1275.644653
1621.052734 1276.045288
1655.582764 1276.210571
1691.659302 1275.842651
1726.478027 1275.735962
1763.270508 1277.157104
1798.080444 1274.540405
1832.925049 1276.441406
1868.250122 1276.340332
1904.080811 1277.248779
1938.439209 1277.638550
947.045044 1245.364258
982.771973 1243.267090
1016.711121 1243.285156
1052.657349 1243.056152
1089.304321 1243.470093
1124.522339 1242.367188
1159.583862 1241.874390
1193.486450 1241.525269
1230.627075 1241.564087
1267.303223 1241.477783
1302.240967 1240.534912
1338.233643 1240.277344
1373.441650 1241.174927
1408.301880 1240.846436
1444.871216 1240.980225
1480.603882 1238.881836
1515.824219 1241.280396
1551.067993 1239.676392
1586.305908 1241.074463
1621.552979 1239.470459
1655.808350 1239.724731
1689.713989 1239.820923
1726.352295 1239.730469
1762.081177 1240.053955
1797.348389 1240.451538
1833.591797 1239.859009
1868.382812 1240.751709
1903.658936 1240.648682
1938.945068 1241.046387
944.543091 1208.520142
982.237671 1208.801025
1018.886353 1206.718994
1052.718994 1206.926636
1088.652222 1207.556763
1124.780273 1206.909790
1160.014893 1207.398926
1196.062744 1206.213257
1231.712158 1205.615601
1266.751709 1205.042725
1302.025635 1205.849487
1337.334106 1205.045044
1373.341187 1204.709839
1408.501953 1205.602783
1443.680786 1204.999390
1477.373413 1204.982910
1513.278076 1203.985474
1549.736572 1204.200195
1585.392700 1204.093262
1620.611694 1203.778198
1654.303101 1203.860962
1690.980103 1204.278320
1725.698608 1205.166138
1762.374146 1205.077881
1797.093262 1204.468872
1831.819214 1204.358643
1868.021118 1204.764038
1903.249756 1205.158447
1938.440430 1205.043457
946.218811 1171.401489
981.258301 1172.937866
1017.813782 1172.350952
1053.908447 1170.764648
1088.289551 1171.286255
1125.058472 1170.563354
1160.629639 1170.959595
1195.511230 1170.529297
1231.161133 1169.974854
1267.912964 1168.674438
1301.542969 1170.014282
1337.143433 1169.180908
1372.653931 1169.010132
1409.328247 1168.757690
1443.489380 1169.021973
1480.064209 1168.053345
1514.608765 1166.997803
1548.121948 1168.527466
1585.454712 1169.226440
1621.571533 1167.638916
1656.227783 1169.516724
1690.745117 1169.420166
1726.154541 1168.883423
1759.860840 1168.820435
1796.842896 1169.091553
1833.462402 1168.006470
1868.153809 1169.387451
1903.813232 1169.286621
1939.489380 1170.180908
945.419006 1137.299194
981.575439 1136.117188
1016.769775 1137.090698
1052.560425 1136.147217
1089.085205 1137.170776
1124.817993 1135.808960
1160.315552 1135.063721
1196.843384 1136.110352
1231.431641 1134.510254
1265.864624 1134.629150
1301.531372 1134.790405
1336.471436 1134.486694
1372.079102 1133.534302
1408.271118 1133.267578
1442.170410 1133.172852
1479.176147 1132.375732
1514.873657 1132.192383
1549.947144 1133.571899
1584.698853 1133.207275
1620.308472 1133.161377
1656.671021 1132.272583
1690.875244 1133.205322
1726.380371 1133.539062
1762.954346 1134.935425
1797.077148 1133.328613
1831.699219 1133.215088
1867.305664 1133.608765
1902.871094 1133.460693
1937.564697 1134.881348
945.835632 1099.676147
982.248840 1100.577881
1017.696655 1100.967896
1051.906860 1100.100830
1089.225586 1098.729248
1123.456787 1099.098877
1159.228394 1099.694092
1195.489868 1099.509033
1230.397461 1099.179321
1266.537720 1098.762573
1303.464478 1100.157227
1337.228516 1098.638306
1372.290039 1098.409546
1407.065308 1097.830078
1443.421631 1097.881714
1478.216553 1097.338135
1513.098267 1098.177002
1551.041504 1096.451416
1586.066772 1098.813477
1620.130249 1097.704712
1655.169312 1097.594971
1691.184692 1097.496094
1725.246582 1098.231689
1760.315063 1098.749878
1795.846313 1097.161987
1830.888916 1097.680908
1868.418335 1098.947754
1902.992554 1098.338257
1938.248169 1098.234863
944.106567 1065.388062
981.440918 1064.961670
1016.866394 1064.387939
1052.496216 1064.695679
1089.480591 1063.265381
1124.010498 1064.339722
1160.058228 1064.175781
1194.225220 1063.928955
1232.139160 1062.852539
1264.869141 1063.518311
1301.242920 1062.541138
1336.531494 1063.152222
1373.401245 1062.423950
1406.867798 1062.996094
1442.023926 1062.061523
1478.822876 1061.891357
1513.538330 1061.978516
1549.694458 1062.376831
1585.160400 1061.777954
1619.656372 1061.661377
1655.614258 1062.053589
1689.510010 1062.606079
1725.021851 1061.850098
1760.892212 1062.558350
1796.720825 1062.783936
1833.047852 1063.496460
1868.525146 1061.417725
1903.067383 1062.780762
1938.091309 1063.162720
945.685608 1029.381470
982.748901 1028.650757
1018.064270 1030.016357
1053.019165 1029.327026
1087.913696 1029.018921
1124.162476 1028.404907
1160.985840 1029.111572
1196.386108 1027.530518
1231.744263 1028.405518
1267.631226 1026.829468
1302.036499 1027.202759
1336.868652 1026.966064
1373.290649 1027.484253
1407.525146 1026.416870
1443.597046 1027.264038
1477.853882 1026.421631
1511.506348 1027.078735
1548.839478 1027.422363
1584.699829 1026.406250
1619.221191 1026.242065
1656.544800 1027.606567
1691.479980 1026.019409
1725.651733 1026.725708
1762.338257 1026.295410
1796.808228 1027.160522
1831.280273 1027.534058
1866.713745 1026.443359
1903.142334 1027.329468
1939.091553 1028.210571
945.967834 994.409424
981.762695 993.816284
1017.382080 993.938110
1053.059570 992.710083
1087.434326 992.632996
1124.450806 992.905823
1158.978760 991.990112
1196.052368 992.698120
1229.930542 991.747192
1265.865479 992.418396
1301.796631 992.081482
1337.092407 991.670959
1371.620850 991.309265
1406.399780 991.814209
1444.367065 990.474670
1479.701050 992.324951
1515.063232 990.256104
1550.410156 992.106628
1583.484741 990.744751
1619.680908 990.892395
1653.934570 990.796814
1689.212891 991.723145
1723.955078 991.026978
1762.143555 991.935791
1797.518921 990.846497
1830.529663 992.002747
1867.817505 991.602905
1904.775024 991.545471
1938.129761 991.869385
945.552856 958.314392
980.710144 957.722168
1016.968811 957.881042
1053.742920 956.935852
1089.929199 958.300049
1125.230713 956.236450
1158.196899 957.379028
1194.197754 956.456787
1231.015259 956.392090
1265.294434 955.938171
1302.039673 956.664001
1336.819580 956.043762
1373.087036 956.447266
1406.508423 955.621521
1443.666016 956.225708
1477.976685 955.313049
1512.849976 956.303894
1547.922363 955.403503
1583.482178 956.142456
1620.176758 955.671204
1655.006348 955.554871
1688.858276 955.494324
1726.617432 956.809204
1761.456909 956.204407
1795.937012 955.999390
1830.208252 955.841858
1867.460327 956.360168
1902.628784 957.059143
1937.170776 955.639282
945.625488 922.629822
982.248901 923.019592
1017.469666 921.933838
1052.667480 921.821533
1088.833130 921.719299
1123.150635 922.102112
1157.664429 921.197327
1194.491577 921.775818
1230.214478 920.962646
1265.188110 921.371582
1300.999268 920.469116
1335.782593 921.160217
1372.293213 920.458252
1407.182983 920.961060
1442.852661 920.268616
1477.591309 920.822083
1513.172852 919.972534
1548.052002 920.697388
1584.395874 920.584778
1618.270386 920.760986
1655.000854 920.555847
1691.682129 921.308533
1725.981445 920.211426
1760.286499 920.088562
1794.958374 920.243958
1832.786499 921.345398
1868.061157 920.258179
1902.876099 921.115173
1938.167847 921.002502
946.169800 887.153320
980.347778 886.616028
1016.868835 886.443481
1053.543823 885.861206
1088.486816 886.055725
1124.380493 886.464233
1159.643799 886.098328
1196.582153 884.459412
1230.512085 885.609680
1265.750122 885.212158
1301.313477 885.548767
1335.978516 884.909241
1371.772705 885.649475
1407.149170 884.766357
1442.220215 885.462830
1477.730957 884.478455
1513.254028 885.260986
1549.284790 885.300720
1583.270874 885.355713
1618.436157 884.498901
1654.177124 885.328186
1689.395020 884.605042
1725.351440 884.697876
1759.132935 884.788208
1796.767334 885.936829
1829.454834 884.764465
1867.222168 885.222473
1902.939209 885.113403
1938.183594 885.484924
945.278259 851.792053
981.330566 851.178955
1017.356384 851.106689
1052.697754 850.878174
1088.476318 850.928284
1125.530151 851.724121
1158.479248 849.937256
1194.213501 850.613342
1229.903442 849.594849
1265.884399 850.198059
1300.924561 849.422424
1336.794800 850.051514
1371.892334 849.110596
1407.026733 850.159546
1442.815308 849.200195
1477.739014 850.027100
1513.012817 848.922852
1548.431152 850.035461
1582.784790 849.141418
1618.651978 849.919189
1654.133423 849.003845
1691.009033 850.390930
1726.168213 849.306580
1759.608521 850.016846
1793.741699 849.401306
1832.652466 850.421692
1867.344238 849.816345
1902.525879 849.700562
1938.675415 849.594666
944.493225 816.290771
981.440125 815.689514
1015.434265 815.828247
1052.751587 815.576355
1087.533569 815.667053
1124.163330 815.068054
1158.244141 815.264221
1195.456909 814.763489
1230.177612 814.987122
1265.554321 813.980591
1300.637451 815.014282
1336.091309 813.684937
1372.066162 814.880371
1407.254028 813.579285
1442.636353 814.663818
1477.714966 813.475098
1513.047119 814.673584
1548.244629 813.598267
1585.604736 814.964172
1618.703613 813.586060
1653.887329 814.607300
1689.469360 813.692139
1724.130859 814.602356
1759.798584 813.936340
1797.703857 815.239563
1831.855835 814.146240
1866.961914 813.925415
1902.594971 814.399170
1937.727783 814.281311
945.337158 780.380920
981.362610 780.266052
1017.315613 779.676086
1052.389160 779.558594
1088.314087 779.599060
1124.657959 780.305786
1158.887695 778.911926
1194.721313 779.482422
1229.745117 778.666260
1267.547852 779.859253
1303.066406 777.821228
1338.529663 780.112183
1374.055908 777.592773
1407.193481 779.363403
1442.829712 778.073120
1477.964478 779.300537
1513.038330 777.969055
1548.298218 779.190125
1583.804443 778.119873
1618.469238 779.163147
1656.243042 778.102417
1689.301880 779.095398
1724.523438 778.160461
1759.843872 779.122498
1795.113037 778.372314
1829.285156 779.132446
1866.631836 779.793945
1901.016968 779.512268
1937.750610 779.565491
945.516968 744.361572
980.985779 744.597839
1016.395020 744.601929
1052.694336 744.024048
1087.672241 744.290527
1123.529175 743.412598
1159.317993 743.779419
1193.861328 743.211548
1229.829834 744.276611
1265.332397 742.859314
1300.667358 744.056396
1336.149902 742.660095
1371.799561 744.100403
1407.696411 742.942261
1444.364136 743.729309
1477.802002 742.572327
1513.022705 743.813293
1548.447876 742.552307
1583.463867 743.923157
1618.697266 742.703735
1654.827026 743.222839
1689.366333 742.903931
1727.168091 744.231995
1762.168457 742.671326
1797.668823 743.995117
1832.676392 742.914490
1867.219482 743.268555
1901.779053 744.582886
1937.267944 743.026917
945.355957 709.716553
980.549194 708.635437
1017.021240 709.256287
1052.406494 708.107788
1088.216309 708.987061
1122.947144 708.768005
1158.763794 707.718323
1194.193848 708.707153
1229.921753 707.622986
1266.317017 707.836182
1301.065186 707.335327
1336.389648 708.508972
1371.844604 707.258423
1407.342407 708.405823
1442.451538 707.113159
1477.775391 708.544983
1513.125977 707.045227
1548.412842 708.564636
1583.938721 707.333008
1621.215210 708.172913
1656.636230 707.098633
1691.586914 708.889709
1724.498169 707.459595
1761.489136 707.688049
1796.453857 708.522522
1831.891479 707.926270
1868.768433 707.344910
1903.754395 708.658142
1939.195312 707.583252
