940.436584 2114.322510
976.796204 2112.854492
1012.015381 2112.929688
1047.910522 2112.741943
1083.473145 2112.129395
1118.415283 2113.824707
1154.669312 2111.503418
1190.327148 2112.000732
1225.523071 2110.735352
1260.288086 2110.228760
1296.357788 2111.266357
1331.086426 2110.443604
1365.701294 2109.637207
1402.386230 2109.317139
1436.286865 2109.285156
1471.888672 2108.763672
1506.662964 2108.934326
1541.584717 2109.378174
1577.695801 2108.464111
1611.530884 2109.124756
1646.692749 2109.298828
1681.699219 2109.284424
1716.729858 2110.307617
1751.168823 2109.734619
1786.169434 2109.593018
1822.325684 2109.406250
1856.098999 2110.256348
1891.312012 2110.317871
1925.266724 2109.102783
941.265381 2078.604248
976.177979 2078.635986
1011.415771 2077.722656
1047.767212 2077.416504
1082.188477 2076.257080
1119.258179 2076.532715
1154.821045 2075.818604
1190.021118 2079.653320
1225.446533 2074.981445
1260.524658 2075.790771
1296.725342 2076.366943
1330.758423 2074.971924
1366.199341 2071.940674
1401.532715 2074.513916
1437.475220 2073.260254
1471.913940 2074.356445
1507.210938 2073.650635
1540.788086 2074.715088
1577.748901 2073.145508
1611.488037 2074.160400
1646.380981 2076.520508
1681.116943 2074.393555
1716.733643 2074.581055
1752.368652 2074.920898
1786.291992 2074.516357
1822.504028 2075.160156
1856.490356 2075.062012
1891.473755 2074.979980
1925.959961 2075.427490
940.646912 2045.241089
975.531738 2043.051880
1010.675110 2043.767700
1046.845703 2042.979492
1084.140991 2043.005005
1118.821045 2041.427124
1154.106445 2041.349243
1190.266968 2041.364258
1224.910522 2040.717285
1260.815552 2040.591431
1295.629761 2040.060303
1330.346313 2039.771973
1366.158081 2039.408936
1401.369507 2039.962769
1436.075317 2038.800049
1471.988892 2037.677246
1507.009766 2040.460449
1541.230835 2040.522461
1576.800537 2038.391113
1612.507935 2038.201172
1646.684692 2038.920288
1682.385620 2039.467285
1717.977417 2038.481323
1751.297119 2039.434448
1787.316772 2039.376099
1821.756470 2039.350342
1854.845215 2039.712158
1891.292114 2039.677246
1926.740601 2039.464233
939.715210 2008.255615
977.819214 2006.538818
1011.584412 2007.492798
1047.442627 2006.992065
1084.211304 2007.374390
1118.494751 2003.034058
1154.366211 2005.613159
1189.674072 2006.066895
1225.996094 2006.533936
1261.361938 2003.792114
1295.664185 2004.765625
1331.735840 2005.039917
1367.323730 2003.568115
1401.687256 2004.554932
1437.005371 2004.983398
1471.678223 2003.950684
1506.696411 2003.747437
1542.966553 2004.666260
1578.090210 2003.186401
1609.732544 2003.543213
1646.775146 2004.400391
1682.177856 2005.266846
1717.598389 2003.435669
1751.899414 2004.613647
1788.045410 2003.822266
1821.468140 2005.124146
1857.062866 2005.112061
1891.688477 2005.649780
1926.627441 2004.874756
940.913025 1974.058350
976.936340 1971.479858
1011.953186 1972.405273
1047.233154 1971.263062
1082.466553 1972.244751
1118.757812 1971.115234
1155.919434 1971.393066
1190.830566 1969.586182
1224.057495 1970.867798
1259.350464 1970.249878
1295.886719 1970.116699
1332.412842 1970.658936
1366.322144 1969.536377
1402.489014 1969.960571
1437.425781 1969.424072
1472.385132 1967.211182
1506.399048 1967.635864
1541.938354 1970.081543
1576.627197 1967.439697
1611.863281 1968.948853
1647.832520 1970.339600
1683.590698 1968.461548
1717.190186 1969.261719
1752.484863 1969.608521
1786.869873 1968.431396
1822.198364 1969.474854
1857.024658 1969.967041
1893.390991 1969.257812
1927.757935 1971.047974
939.915344 1937.542725
976.172607 1936.944336
1013.819702 1936.527466
1047.858887 1937.207642
1083.463379 1936.157104
1119.063477 1935.802979
1154.936768 1934.644897
1190.379272 1936.074219
1225.223877 1934.785034
1260.374756 1934.731689
1295.779907 1934.690918
1329.812866 1935.614014
1366.371826 1933.912598
1402.307373 1935.289551
1437.052734 1933.798096
1472.296387 1933.842773
1506.972168 1934.220093
1541.281372 1934.591919
1577.452637 1933.847900
1613.091919 1934.681519
1647.801514 1932.916260
1683.534424 1934.883301
1717.597778 1934.181396
1752.716553 1934.255615
1787.549438 1934.458130
1821.596802 1934.295410
1857.212646 1934.893433
1893.061035 1935.670776
1927.801880 1935.259155
942.406921 1902.422852
976.540161 1902.573853
1011.202759 1901.955933
1047.912720 1900.572021
1083.089355 1900.773315
1119.610596 1899.731567
1153.449951 1898.946655
1190.614014 1899.300415
1226.525513 1900.421509
1260.895752 1899.830933
1294.996094 1898.413086
1331.366211 1899.304688
1366.510132 1899.115234
1401.598022 1898.929810
1437.248047 1898.757690
1472.565186 1897.458374
1507.200684 1898.800049
1542.665161 1898.759155
1577.659302 1898.535522
1614.415649 1898.262573
1647.761475 1899.281250
1682.247803 1898.284790
1717.470459 1899.257690
1753.706055 1900.243286
1788.170288 1900.021484
1822.976807 1899.695801
1857.943115 1899.448242
1893.139404 1900.417847
1927.870483 1900.305542
939.445251 1866.333008
975.348938 1866.017700
1011.161865 1865.751831
1047.718506 1865.503174
1084.087891 1864.896362
1119.267212 1866.334961
1154.238647 1865.083618
1190.133789 1864.706055
1225.917236 1863.091431
1260.718872 1864.293091
1296.121826 1864.353882
1331.197144 1863.861572
1367.533936 1862.976807
1402.323486 1863.896851
1438.122070 1862.914185
1471.793091 1862.869873
1508.001709 1861.611572
1543.243042 1865.072144
1577.893311 1863.833374
1613.571045 1864.278442
1648.010376 1864.089478
1683.360352 1863.837891
1718.651489 1863.046753
1753.763550 1865.511841
1788.506836 1862.683472
1823.104736 1864.252563
1858.367065 1864.683960
1893.070435 1865.181519
1928.562134 1865.583374
940.441711 1832.232422
975.434326 1830.946045
1011.930847 1832.588379
1047.883179 1829.577637
1083.393433 1832.465698
1118.822876 1829.377563
1154.210693 1829.315796
1190.574341 1828.825195
1226.314819 1830.157715
1260.781494 1828.838989
1296.469604 1828.867188
1332.098755 1829.626221
1366.551025 1828.290649
1402.289429 1828.356201
1437.861084 1830.240845
1473.646606 1827.924438
1507.990479 1828.430420
1543.515625 1827.874756
1577.259033 1829.010742
1613.735107 1828.085693
1649.304321 1829.581299
1685.079590 1828.379883
1718.234009 1829.259766
1753.342041 1829.106934
1788.154541 1829.333496
1826.634277 1829.372559
1858.788818 1830.013306
1893.550781 1829.833374
1928.873779 1830.131592
939.963562 1795.105225
975.369690 1795.817993
1012.310425 1794.846680
1047.647217 1794.917480
1084.206787 1794.413086
1119.652466 1794.990234
1154.874390 1793.424561
1189.844849 1793.892822
1226.065552 1793.428101
1260.791504 1793.727295
1297.492676 1794.584106
1333.144897 1794.030396
1365.577271 1792.287720
1402.177856 1793.247314
1437.995605 1792.505981
1472.536499 1793.404663
1508.521118 1792.001465
1543.043335 1793.188232
1578.798340 1792.547119
1614.015381 1794.380493
1648.000488 1793.679321
1683.429932 1793.611084
1719.088379 1792.840332
1753.164673 1794.478760
1788.703613 1794.178955
1822.524536 1793.919067
1858.659546 1795.037720
1894.440186 1796.251221
1929.308472 1793.486084
940.917969 1758.800293
976.270691 1759.947021
1012.302246 1758.638062
1048.199951 1760.647705
1083.770752 1760.236816
1119.639160 1758.305298
1154.605469 1758.829468
1190.671875 1757.734619
1224.934204 1757.774536
1261.012207 1758.492065
1296.267944 1758.235840
1332.478149 1757.174072
1367.674805 1759.295166
1402.031128 1758.396851
1437.420898 1758.086670
1473.732666 1757.439453
1508.282959 1758.251831
1542.922119 1758.440308
1578.108154 1758.419434
1614.055786 1756.839233
1648.502930 1758.641113
1683.940796 1759.096436
1718.712524 1758.662842
1753.689087 1759.080688
1789.087158 1759.386597
1825.328003 1758.805176
1860.075439 1758.656860
1894.176514 1760.138916
1929.310303 1760.397339
939.714233 1722.715698
975.845459 1725.866089
1011.832764 1723.796021
1048.055542 1725.472046
1083.484497 1722.739136
1119.259399 1724.704956
1155.271240 1722.816528
1190.640259 1724.393188
1226.038086 1722.357178
1261.045898 1723.316772
1296.856934 1721.893188
1330.767944 1722.038940
1367.216553 1723.159790
1402.147095 1722.669800
1437.510742 1723.103027
1472.880615 1722.949219
1508.961792 1722.543945
1542.869141 1722.215820
1578.477051 1723.348267
1613.794067 1723.573242
1648.900024 1723.511353
1683.824097 1723.627441
1720.034668 1723.201294
1753.845093 1723.898560
1789.271362 1724.336182
1824.649048 1725.334839
1859.434326 1724.756226
1894.804199 1724.654541
1930.253418 1726.128174
940.336060 1690.152344
974.734558 1688.955322
1011.085083 1689.074463
1047.887817 1689.848633
1082.668701 1688.265869
1118.439941 1688.603760
1154.732056 1689.238770
1190.343628 1686.523926
1225.658936 1688.092285
1262.053955 1688.829224
1296.367920 1687.877441
1332.803711 1688.654175
1366.878906 1685.824463
1402.617920 1687.913086
1437.090576 1686.883301
1473.349731 1688.291992
1508.626343 1687.920898
1544.388672 1687.282104
1578.311401 1687.707886
1613.000977 1689.341797
1649.845703 1689.376709
1684.949829 1687.408203
1718.940186 1687.310303
1755.910767 1688.260620
1790.294678 1689.915039
1825.374268 1688.151611
1859.741699 1689.537109
1895.869507 1690.847046
1930.277588 1689.760742
939.210205 1652.332642
975.847107 1653.945801
1011.050110 1653.582397
1047.895874 1654.115601
1083.380371 1652.466797
1119.275879 1653.999268
1154.088989 1653.238647
1189.306641 1651.494995
1225.983154 1651.161499
1261.591064 1653.236084
1297.259766 1651.701050
1330.239258 1653.890015
1366.513672 1653.432861
1402.588257 1652.670654
1437.760132 1652.588623
1472.758911 1650.885986
1509.114502 1651.762817
1544.112793 1653.757568
1578.761475 1652.917847
1614.211670 1653.001099
1650.081055 1652.252930
1685.687866 1651.986328
1720.219360 1652.338623
1754.903320 1653.866333
1790.524658 1652.906006
1824.315674 1653.116455
1860.156982 1654.809692
1895.026611 1655.054565
1930.765869 1654.887817
938.455261 1618.065796
976.092102 1617.710815
1010.902039 1618.070679
1047.475342 1617.122925
1083.258911 1618.991333
1118.335693 1617.249390
1154.284790 1617.345459
1190.795776 1616.732544
1224.738281 1616.562500
1261.972778 1616.805176
1296.996826 1618.233765
1332.616455 1616.312134
1366.953491 1616.895386
1403.065552 1616.331665
1437.789551 1617.344604
1473.974243 1616.368164
1507.869507 1616.820923
1543.517090 1617.873657
1579.633911 1618.334473
1614.911377 1617.212158
1650.226562 1618.868164
1684.479736 1618.562378
1719.241333 1617.412720
1754.793091 1618.713867
1789.898071 1618.803345
1825.395386 1618.951416
1860.839355 1618.942993
1896.624023 1618.545532
1930.927002 1619.782227
939.033142 1582.055664
974.593567 1582.597656
1011.337830 1581.444702
1046.439087 1582.348267
1082.436523 1582.438843
1118.741211 1583.035767
1154.671631 1581.377930
1189.501343 1581.605957
1226.221313 1581.223145
1260.775513 1581.612671
1297.077637 1581.089966
1332.758301 1582.500732
1367.993774 1581.209595
1402.595459 1582.209961
1438.812378 1581.183716
1473.556396 1582.333984
1509.582642 1581.831787
1543.833374 1582.260986
1580.108154 1581.870117
1615.412964 1583.512207
1650.468262 1581.963867
1684.804565 1582.906250
1721.026489 1582.184082
1755.495850 1583.336304
1789.746704 1584.258667
1825.554199 1583.455811
1860.922607 1583.858398
1895.978027 1584.710083
1932.457520 1583.268066
938.296204 1547.012939
975.275940 1546.302734
1009.442261 1545.794434
1047.627075 1546.402100
1082.432251 1546.530518
1118.709595 1545.652344
1154.598755 1547.247681
1190.391235 1545.606323
1226.089478 1547.512573
1261.463745 1545.863525
1296.880737 1547.174194
1332.567017 1545.830811
1367.231079 1546.558228
1403.477295 1545.979614
1437.900513 1546.489746
1473.943970 1546.353882
1508.740234 1547.055908
1543.843872 1547.484497
1580.180420 1548.043091
1615.445679 1546.630981
1649.201294 1546.793457
1685.780518 1546.534790
1720.618652 1547.962524
1756.616333 1547.076782
1791.746094 1549.114380
1825.878174 1548.729248
1862.047974 1549.676147
1897.256592 1547.958130
1932.028320 1549.272583
938.193604 1510.195923
974.571533 1510.706299
1011.001221 1510.659546
1046.878174 1512.370361
1082.662964 1510.291016
1118.470337 1512.405884
1153.641968 1511.277466
1189.437622 1510.875488
1225.824585 1510.500122
1260.798462 1511.468628
1296.981079 1510.271362
1332.065308 1511.393188
1368.053345 1510.652222
1402.734253 1511.229004
1438.735840 1510.672363
1473.772827 1511.775757
1509.537354 1510.646851
1544.249634 1511.743530
1580.247559 1511.496216
1615.718628 1512.913818
1651.168213 1511.700684
1685.825439 1512.782715
1720.224121 1513.364624
1756.201172 1512.840576
1791.220703 1512.934814
1826.457642 1513.180054
1862.840088 1512.535156
1896.763672 1512.656738
1933.590454 1515.406372
938.502563 1476.380859
974.280457 1474.955933
1008.556946 1476.381714
1044.618286 1474.766479
1082.579712 1476.486450
1117.736694 1475.608643
1153.835571 1475.703613
1189.174805 1475.869141
1225.807373 1476.395874
1261.262329 1474.923462
1296.516113 1475.903931
1332.744385 1475.067871
1367.163574 1475.658203
1403.473145 1475.301636
1437.910645 1475.712402
1474.442139 1475.395264
1509.302124 1476.635742
1544.431519 1476.501953
1579.844604 1476.637695
1615.188599 1476.691162
1650.475220 1477.011230
1685.696777 1477.077637
1721.067383 1477.109985
1757.010376 1476.420410
1791.783936 1477.888306
1827.076172 1477.917358
1862.458496 1477.895874
1898.454590 1477.339844
1932.974243 1478.484131
937.890442 1439.261108
974.050354 1438.808350
1010.018982 1439.060181
1046.251953 1441.204834
1082.206787 1438.904541
1118.458618 1440.543579
1153.947388 1439.272705
1189.512817 1440.309937
1224.922363 1440.144287
1260.578491 1440.143188
1297.003174 1439.523071
1332.049194 1440.509033
1367.337646 1440.648438
1402.709106 1440.619629
1439.088013 1440.056641
1473.797485 1440.871094
1509.937866 1440.233521
1544.497314 1441.021729
1580.616821 1440.562988
1615.563599 1441.397583
1650.033447 1442.053711
1686.647583 1442.346191
1721.271118 1441.954346
1756.702026 1442.033447
1793.101074 1441.698120
1827.556030 1442.642334
1863.480469 1441.737427
1898.602051 1442.960693
1934.369263 1442.251587
936.659790 1403.860596
974.073792 1403.659790
1009.908447 1404.833862
1046.430542 1403.649536
1082.411865 1404.863281
1118.270874 1403.642944
1153.870117 1405.307251
1189.637939 1404.064453
1224.821777 1404.531006
1261.481323 1403.760010
1297.051514 1405.597534
1332.729858 1404.022827
1368.315674 1405.872681
1403.781982 1404.285400
1438.685303 1405.459717
1474.643799 1404.629883
1509.210815 1405.307617
1546.095459 1406.881470
1580.572144 1406.000366
1615.844604 1405.790649
1651.508423 1406.720337
1687.303223 1406.000488
1721.681641 1406.582520
1757.044312 1406.780396
1792.832642 1407.392456
1826.908691 1407.611572
1863.192017 1407.545532
1900.171509 1408.964844
1935.369385 1408.368042
